Time	Occupied	bay_id
2019-01-15 14:23:01	1	567
2019-01-15 14:23:01	1	568
2019-01-15 14:23:01	0	569
2019-01-15 14:23:01	1	570
2019-01-15 14:23:01	1	571
2019-01-15 14:23:01	1	572
2019-01-15 14:23:01	1	573
2019-01-15 14:23:01	1	574
2019-01-15 14:23:01	1	575
2019-01-15 14:23:01	1	576
2019-01-15 14:23:01	1	577
2019-01-15 14:23:01	0	578
2019-01-15 14:23:01	1	579
2019-01-15 14:23:01	1	580
2019-01-15 14:23:01	0	581
2019-01-15 14:23:01	1	585
2019-01-15 14:23:01	0	586
2019-01-15 14:23:01	1	587
2019-01-15 14:23:01	1	588
2019-01-15 14:23:01	1	589
2019-01-15 14:23:01	1	590
2019-01-15 14:23:01	0	591
2019-01-15 14:23:01	1	592
2019-01-15 14:23:01	1	594
2019-01-15 14:23:01	0	595
2019-01-15 14:23:01	1	604
2019-01-15 14:23:01	1	605
2019-01-15 14:23:01	1	606
2019-01-15 14:23:01	0	607
2019-01-15 14:23:01	0	609
2019-01-15 14:23:01	0	610
2019-01-15 14:23:01	1	623
2019-01-15 14:23:01	1	624
2019-01-15 14:23:01	1	625
2019-01-15 14:23:01	1	626
2019-01-15 14:23:01	1	627
2019-01-15 14:23:01	1	628
2019-01-15 14:23:01	1	629
2019-01-15 14:23:01	1	630
2019-01-15 14:23:01	0	631
2019-01-15 14:23:01	0	632
2019-01-15 14:23:01	0	633
2019-01-15 14:23:01	1	634
2019-01-15 14:23:01	1	635
2019-01-15 14:23:01	1	637
2019-01-15 14:23:01	1	639
2019-01-15 14:23:01	1	640
2019-01-15 14:23:01	1	641
2019-01-15 14:23:01	1	643
2019-01-15 14:23:01	1	644
2019-01-15 14:23:01	1	645
2019-01-15 14:23:01	1	646
2019-01-15 14:23:01	1	649
2019-01-15 14:23:01	1	650
2019-01-15 14:23:01	1	652
2019-01-15 14:23:01	1	653
2019-01-15 14:23:01	1	654
2019-01-15 14:23:01	1	655
2019-01-15 14:23:01	1	656
2019-01-15 14:23:01	1	657
2019-01-15 14:23:01	1	658
2019-01-15 14:23:01	1	659
2019-01-15 14:23:01	0	660
2019-01-15 14:23:01	1	661
2019-01-15 14:23:01	1	662
2019-01-15 14:23:01	1	663
2019-01-15 14:23:01	0	673
2019-01-15 14:23:01	0	674
2019-01-15 14:23:01	1	675
2019-01-15 14:23:01	1	676
2019-01-15 14:23:01	0	677
2019-01-15 14:23:01	1	678
2019-01-15 14:23:01	1	679
2019-01-15 14:23:01	1	680
2019-01-15 14:23:01	0	681
2019-01-15 14:23:01	1	682
2019-01-15 14:23:01	1	683
2019-01-15 14:23:01	1	684
2019-01-15 14:23:01	1	685
2019-01-15 14:23:01	1	687
2019-01-15 14:23:01	1	688
2019-01-15 14:23:01	1	690
2019-01-15 14:23:01	0	696
2019-01-15 14:23:01	0	697
2019-01-15 14:23:01	1	698
2019-01-15 14:23:01	0	699
2019-01-15 14:23:01	0	701
2019-01-15 14:23:01	1	702
2019-01-15 14:23:01	1	703
2019-01-15 14:23:01	1	705
2019-01-15 14:23:01	1	706
2019-01-15 14:23:01	1	708
2019-01-15 14:23:01	0	710
2019-01-15 14:23:01	0	712
2019-01-15 14:23:01	0	713
2019-01-15 14:23:01	1	716
2019-01-15 14:23:01	1	718
2019-01-15 14:23:01	0	719
2019-01-15 14:23:01	0	720
2019-01-15 14:23:01	0	721
2019-01-15 14:23:01	0	722
2019-01-15 14:23:01	1	723
2019-01-15 14:23:01	0	724
2019-01-15 14:23:01	0	725
2019-01-15 14:23:01	0	726
2019-01-15 14:23:01	1	727
2019-01-15 14:23:01	0	728
2019-01-15 14:23:01	1	729
2019-01-15 14:23:01	1	730
2019-01-15 14:23:01	1	731
2019-01-15 14:23:01	0	733
2019-01-15 14:23:01	0	734
2019-01-15 14:23:01	0	737
2019-01-15 14:23:01	1	738
2019-01-15 14:23:01	0	739
2019-01-15 14:23:01	0	740
2019-01-15 14:23:01	1	741
2019-01-15 14:23:01	0	742
2019-01-15 14:23:01	1	743
2019-01-15 14:23:01	1	744
2019-01-15 14:23:01	1	745
2019-01-15 14:23:01	0	746
2019-01-15 14:23:01	1	747
2019-01-15 14:23:01	1	748
2019-01-15 14:23:01	1	749
2019-01-15 14:23:01	1	751
2019-01-15 14:23:01	1	752
2019-01-15 14:23:01	0	753
2019-01-15 14:23:01	1	754
2019-01-15 14:23:01	1	755
2019-01-15 14:23:01	1	756
2019-01-15 14:23:01	1	757
2019-01-15 14:23:01	1	758
2019-01-15 14:23:01	1	759
2019-01-15 14:23:01	1	760
2019-01-15 14:23:01	1	763
2019-01-15 14:23:01	1	764
2019-01-15 14:23:01	1	765
2019-01-15 14:23:01	1	766
2019-01-15 14:23:01	1	767
2019-01-15 14:23:01	1	769
2019-01-15 14:23:01	1	770
2019-01-15 14:23:01	1	771
2019-01-15 14:23:01	1	772
2019-01-15 14:23:01	1	773
2019-01-15 14:23:01	1	774
2019-01-15 14:23:01	1	775
2019-01-15 14:23:01	1	776
2019-01-15 14:23:01	1	790
2019-01-15 14:23:01	1	791
2019-01-15 14:23:01	1	792
2019-01-15 14:23:01	0	796
2019-01-15 14:23:01	1	797
2019-01-15 14:23:01	1	799
2019-01-15 14:23:01	1	800
2019-01-15 14:23:01	1	801
2019-01-15 14:23:01	1	802
2019-01-15 14:23:01	1	803
2019-01-15 14:23:01	1	804
2019-01-15 14:23:01	1	806
2019-01-15 14:23:01	1	807
2019-01-15 14:23:01	1	808
2019-01-15 14:23:01	0	809
2019-01-15 14:23:01	0	810
2019-01-15 14:23:01	0	811
2019-01-15 14:23:01	0	813
2019-01-15 14:23:01	0	815
2019-01-15 14:23:01	1	822
2019-01-15 14:23:01	1	823
2019-01-15 14:23:01	1	825
2019-01-15 14:23:01	1	826
2019-01-15 14:23:01	1	827
2019-01-15 14:23:01	0	828
2019-01-15 14:23:01	1	829
2019-01-15 14:23:01	1	830
2019-01-15 14:23:01	0	831
2019-01-15 14:23:01	1	833
2019-01-15 14:23:01	1	834
2019-01-15 14:23:01	0	835
2019-01-15 14:23:01	1	836
2019-01-15 14:23:01	0	840
2019-01-15 14:23:01	1	842
2019-01-15 14:23:01	1	843
2019-01-15 14:23:01	0	844
2019-01-15 14:23:01	1	845
2019-01-15 14:23:01	0	846
2019-01-15 14:23:01	1	847
2019-01-15 14:23:01	0	848
2019-01-15 14:23:01	1	850
2019-01-15 14:23:01	1	857
2019-01-15 14:23:01	1	858
2019-01-15 14:23:01	1	862
2019-01-15 14:23:01	0	864
2019-01-15 14:23:01	1	865
2019-01-15 14:23:01	1	867
2019-01-15 14:23:01	1	869
2019-01-15 14:23:01	1	870
2019-01-15 14:23:01	1	873
2019-01-15 14:23:01	1	874
2019-01-15 14:23:01	0	875
2019-01-15 14:23:01	1	876
2019-01-15 14:23:01	1	877
2019-01-15 14:23:01	1	878
2019-01-15 14:23:01	0	881
2019-01-15 14:23:01	1	883
2019-01-15 14:23:01	0	884
2019-01-15 14:23:01	1	886
2019-01-15 14:23:01	1	887
2019-01-15 14:23:01	1	888
2019-01-15 14:23:01	1	911
2019-01-15 14:23:01	1	912
2019-01-15 14:23:01	1	913
2019-01-15 14:23:01	1	914
2019-01-15 14:23:01	1	916
2019-01-15 14:23:01	1	917
2019-01-15 14:23:01	1	918
2019-01-15 14:23:01	1	919
2019-01-15 14:23:01	0	927
2019-01-15 14:23:01	1	928
2019-01-15 14:23:01	1	929
2019-01-15 14:23:01	0	930
2019-01-15 14:23:01	1	932
2019-01-15 14:23:01	1	933
2019-01-15 14:23:01	0	934
2019-01-15 14:23:01	1	940
2019-01-15 14:23:01	1	941
2019-01-15 14:23:01	1	942
2019-01-15 14:23:01	1	943
2019-01-15 14:23:01	0	944
2019-01-15 14:23:01	1	946
2019-01-15 14:23:01	1	947
2019-01-15 14:23:01	1	948
2019-01-15 14:23:01	0	949
2019-01-15 14:23:01	1	950
2019-01-15 14:23:01	1	951
2019-01-15 14:23:01	1	952
2019-01-15 14:23:01	1	953
2019-01-15 14:23:01	1	954
2019-01-15 14:23:01	1	956
2019-01-15 14:23:01	0	957
2019-01-15 14:23:01	1	958
2019-01-15 14:23:01	1	981
2019-01-15 14:23:01	1	982
2019-01-15 14:23:01	1	983
2019-01-15 14:23:01	0	984
2019-01-15 14:23:01	1	985
2019-01-15 14:23:01	1	1005
2019-01-15 14:23:01	0	1006
2019-01-15 14:23:01	1	1007
2019-01-15 14:23:01	1	1009
2019-01-15 14:23:01	0	1012
2019-01-15 14:23:01	0	1013
2019-01-15 14:23:01	1	1015
2019-01-15 14:23:01	1	1055
2019-01-15 14:23:01	1	1057
2019-01-15 14:23:01	1	1058
2019-01-15 14:23:01	1	1297
2019-01-15 14:23:01	1	1298
2019-01-15 14:23:01	1	1300
2019-01-15 14:23:01	1	1304
2019-01-15 14:23:01	0	1305
2019-01-15 14:23:01	1	1307
2019-01-15 14:23:01	0	1398
2019-01-15 14:23:01	1	1399
2019-01-15 14:23:01	1	1400
2019-01-15 14:23:01	1	1407
2019-01-15 14:23:01	1	1410
2019-01-15 14:23:01	1	1411
2019-01-15 14:23:01	0	1412
2019-01-15 14:23:01	1	1413
2019-01-15 14:23:01	1	1414
2019-01-15 14:23:01	0	1415
2019-01-15 14:23:01	1	1416
2019-01-15 14:23:01	1	1417
2019-01-15 14:23:01	0	1419
2019-01-15 14:23:01	1	1427
2019-01-15 14:23:01	1	1428
2019-01-15 14:23:01	0	1429
2019-01-15 14:23:01	1	1452
2019-01-15 14:23:01	1	1453
2019-01-15 14:23:01	1	1454
2019-01-15 14:23:01	1	1470
2019-01-15 14:23:01	1	1471
2019-01-15 14:23:01	1	1472
2019-01-15 14:23:01	0	1473
2019-01-15 14:23:01	1	1474
2019-01-15 14:23:01	1	1475
2019-01-15 14:23:01	1	1495
2019-01-15 14:23:01	0	1496
2019-01-15 14:23:01	0	1497
2019-01-15 14:23:01	0	1501
2019-01-15 14:23:01	0	1503
2019-01-15 14:23:01	1	1504
2019-01-15 14:23:01	0	1528
2019-01-15 14:23:01	0	1530
2019-01-15 14:23:01	1	1531
2019-01-15 14:23:01	0	1532
2019-01-15 14:23:01	1	1535
2019-01-15 14:23:01	1	1536
2019-01-15 14:23:01	1	1537
2019-01-15 14:23:01	0	1538
2019-01-15 14:23:01	0	1539
2019-01-15 14:23:01	0	1540
2019-01-15 14:23:01	1	1541
2019-01-15 14:23:01	1	1542
2019-01-15 14:23:01	1	1543
2019-01-15 14:23:01	1	1544
2019-01-15 14:23:01	1	1545
2019-01-15 14:23:01	1	1647
2019-01-15 14:23:01	0	1648
2019-01-15 14:23:01	1	1652
2019-01-15 14:23:01	1	1653
2019-01-15 14:23:01	1	1654
2019-01-15 14:23:01	0	1655
2019-01-15 14:23:01	0	1657
2019-01-15 14:23:01	1	1658
2019-01-15 14:23:01	0	1659
2019-01-15 14:23:01	1	1728
2019-01-15 14:23:01	0	1729
2019-01-15 14:23:01	1	1730
2019-01-15 14:23:01	1	1731
2019-01-15 14:23:01	1	1732
2019-01-15 14:23:01	1	1733
2019-01-15 14:23:01	0	1734
2019-01-15 14:23:01	1	1735
2019-01-15 14:23:01	1	1736
2019-01-15 14:23:01	1	1738
2019-01-15 14:23:01	1	1739
2019-01-15 14:23:01	0	1741
2019-01-15 14:23:01	1	1744
2019-01-15 14:23:01	0	1745
2019-01-15 14:23:01	1	1747
2019-01-15 14:23:01	1	1748
2019-01-15 14:23:01	1	1749
2019-01-15 14:23:01	1	1750
2019-01-15 14:23:01	1	1751
2019-01-15 14:23:01	0	1752
2019-01-15 14:23:01	0	1753
2019-01-15 14:23:01	1	1755
2019-01-15 14:23:01	0	1827
2019-01-15 14:23:01	0	1828
2019-01-15 14:23:01	1	1829
2019-01-15 14:23:01	0	1830
2019-01-15 14:23:01	0	1834
2019-01-15 14:23:01	0	1835
2019-01-15 14:23:01	0	1836
2019-01-15 14:23:01	0	1890
2019-01-15 14:23:01	1	1891
2019-01-15 14:23:01	0	1919
2019-01-15 14:23:01	1	1920
2019-01-15 14:23:01	1	1922
2019-01-15 14:23:01	1	1951
2019-01-15 14:23:01	1	1952
2019-01-15 14:23:01	0	1954
2019-01-15 14:23:01	1	1955
2019-01-15 14:23:01	1	1956
2019-01-15 14:23:01	1	1957
2019-01-15 14:23:01	0	1958
2019-01-15 14:23:01	1	1959
2019-01-15 14:23:01	1	1961
2019-01-15 14:23:01	1	1964
2019-01-15 14:23:01	0	1965
2019-01-15 14:23:01	1	1966
2019-01-15 14:23:01	0	1967
2019-01-15 14:23:01	1	1978
2019-01-15 14:23:01	1	1979
2019-01-15 14:23:01	0	1980
2019-01-15 14:23:01	1	1981
2019-01-15 14:23:01	1	1983
2019-01-15 14:23:01	1	1984
2019-01-15 14:23:01	1	1988
2019-01-15 14:23:01	1	1990
2019-01-15 14:23:01	0	1992
2019-01-15 14:23:01	1	1994
2019-01-15 14:23:01	0	2097
2019-01-15 14:23:01	1	2098
2019-01-15 14:23:01	1	2099
2019-01-15 14:23:01	1	2100
2019-01-15 14:23:01	1	2101
2019-01-15 14:23:01	0	2130
2019-01-15 14:23:01	1	2143
2019-01-15 14:23:01	1	2145
2019-01-15 14:23:01	0	2146
2019-01-15 14:23:01	0	2153
2019-01-15 14:23:01	0	2155
2019-01-15 14:23:01	1	2158
2019-01-15 14:23:01	0	2159
2019-01-15 14:23:01	0	2287
2019-01-15 14:23:01	1	2288
2019-01-15 14:23:01	1	2289
2019-01-15 14:23:01	0	2290
2019-01-15 14:23:01	1	2292
2019-01-15 14:23:01	1	2293
2019-01-15 14:23:01	1	2294
2019-01-15 14:23:01	1	2297
2019-01-15 14:23:01	1	2299
2019-01-15 14:23:01	0	2300
2019-01-15 14:23:01	1	2301
2019-01-15 14:23:01	0	2302
2019-01-15 14:23:01	1	2305
2019-01-15 14:23:01	1	2306
2019-01-15 14:23:01	1	2307
2019-01-15 14:23:01	1	2308
2019-01-15 14:23:01	1	2310
2019-01-15 14:23:01	1	2311
2019-01-15 14:23:01	1	2312
2019-01-15 14:23:01	0	2313
2019-01-15 14:23:01	1	2314
2019-01-15 14:23:01	1	2315
2019-01-15 14:23:01	0	2316
2019-01-15 14:23:01	1	2318
2019-01-15 14:23:01	1	2321
2019-01-15 14:23:01	0	2322
2019-01-15 14:23:01	1	2323
2019-01-15 14:23:01	0	2324
2019-01-15 14:23:01	1	2325
2019-01-15 14:23:01	0	2326
2019-01-15 14:23:01	0	2327
2019-01-15 14:23:01	1	2328
2019-01-15 14:23:01	1	2408
2019-01-15 14:23:01	0	2409
2019-01-15 14:23:01	1	2410
2019-01-15 14:23:01	1	2411
2019-01-15 14:23:01	0	2412
2019-01-15 14:23:01	1	2413
2019-01-15 14:23:01	1	2414
2019-01-15 14:23:01	1	2415
2019-01-15 14:23:01	1	2417
2019-01-15 14:23:01	1	2418
2019-01-15 14:23:01	1	2419
2019-01-15 14:23:01	0	2420
2019-01-15 14:23:01	1	2421
2019-01-15 14:23:01	1	2422
2019-01-15 14:23:01	1	2447
2019-01-15 14:23:01	0	2448
2019-01-15 14:23:01	1	2449
2019-01-15 14:23:01	0	2450
2019-01-15 14:23:01	0	2451
2019-01-15 14:23:01	1	2452
2019-01-15 14:23:01	0	2454
2019-01-15 14:23:01	1	2456
2019-01-15 14:23:01	1	2457
2019-01-15 14:23:01	1	2458
2019-01-15 14:23:01	1	2459
2019-01-15 14:23:01	0	2460
2019-01-15 14:23:01	1	2473
2019-01-15 14:23:01	1	2480
2019-01-15 14:23:01	1	2481
2019-01-15 14:23:01	0	2483
2019-01-15 14:23:01	1	2484
2019-01-15 14:23:01	1	2490
2019-01-15 14:23:01	1	2627
2019-01-15 14:23:01	1	2630
2019-01-15 14:23:01	1	2631
2019-01-15 14:23:01	1	2632
2019-01-15 14:23:01	1	2633
2019-01-15 14:23:01	0	2637
2019-01-15 14:23:01	0	2639
2019-01-15 14:23:01	1	2641
2019-01-15 14:23:01	0	2642
2019-01-15 14:23:01	1	2643
2019-01-15 14:23:01	0	2644
2019-01-15 14:23:01	0	2646
2019-01-15 14:23:01	1	2647
2019-01-15 14:23:01	0	2648
2019-01-15 14:23:01	0	2649
2019-01-15 14:23:01	0	2657
2019-01-15 14:23:01	0	2662
2019-01-15 14:23:01	0	2663
2019-01-15 14:23:01	1	2664
2019-01-15 14:23:01	0	2667
2019-01-15 14:23:01	0	2670
2019-01-15 14:23:01	1	2672
2019-01-15 14:23:01	0	2673
2019-01-15 14:23:01	1	2674
2019-01-15 14:23:01	0	2675
2019-01-15 14:23:01	1	2677
2019-01-15 14:23:01	1	2678
2019-01-15 14:23:01	0	2679
2019-01-15 14:23:01	1	2680
2019-01-15 14:23:01	1	2684
2019-01-15 14:23:01	0	2685
2019-01-15 14:23:01	0	2688
2019-01-15 14:23:01	0	2690
2019-01-15 14:23:01	1	2691
2019-01-15 14:23:01	1	2694
2019-01-15 14:23:01	0	2696
2019-01-15 14:23:01	0	2698
2019-01-15 14:23:01	0	2700
2019-01-15 14:23:01	1	2706
2019-01-15 14:23:01	1	2726
2019-01-15 14:23:01	0	2727
2019-01-15 14:23:01	0	2731
2019-01-15 14:23:01	0	2735
2019-01-15 14:23:01	1	2738
2019-01-15 14:23:01	1	2745
2019-01-15 14:23:01	0	2747
2019-01-15 14:23:01	0	2748
2019-01-15 14:23:01	1	2749
2019-01-15 14:23:01	1	2750
2019-01-15 14:23:01	1	2751
2019-01-15 14:23:01	1	2753
2019-01-15 14:23:01	1	2754
2019-01-15 14:23:01	1	3000
2019-01-15 14:23:01	1	3001
2019-01-15 14:23:01	0	3002
2019-01-15 14:23:01	0	3004
2019-01-15 14:23:01	0	3005
2019-01-15 14:23:01	0	3006
2019-01-15 14:23:01	1	3007
2019-01-15 14:23:01	1	3008
2019-01-15 14:23:01	0	3009
2019-01-15 14:23:01	0	3010
2019-01-15 14:23:01	0	3011
2019-01-15 14:23:01	0	3012
2019-01-15 14:23:01	0	3013
2019-01-15 14:23:01	0	3014
2019-01-15 14:23:01	0	3015
2019-01-15 14:23:01	1	3016
2019-01-15 14:23:01	0	3018
2019-01-15 14:23:01	0	3019
2019-01-15 14:23:01	0	3020
2019-01-15 14:23:01	1	3023
2019-01-15 14:23:01	1	3025
2019-01-15 14:23:01	1	3027
2019-01-15 14:23:01	1	3028
2019-01-15 14:23:01	1	3030
2019-01-15 14:23:01	0	3031
2019-01-15 14:23:01	1	3032
2019-01-15 14:23:01	0	3033
2019-01-15 14:23:01	1	3034
2019-01-15 14:23:01	0	3037
2019-01-15 14:23:01	0	3038
2019-01-15 14:23:01	1	3039
2019-01-15 14:23:01	0	3040
2019-01-15 14:23:01	0	3041
2019-01-15 14:23:01	0	3044
2019-01-15 14:23:01	1	3045
2019-01-15 14:23:01	0	3046
2019-01-15 14:23:01	0	3047
2019-01-15 14:23:01	1	3048
2019-01-15 14:23:01	0	3049
2019-01-15 14:23:01	0	3050
2019-01-15 14:23:01	0	3051
2019-01-15 14:23:01	0	3076
2019-01-15 14:23:01	0	3081
2019-01-15 14:23:01	1	3085
2019-01-15 14:23:01	1	3086
2019-01-15 14:23:01	1	3087
2019-01-15 14:23:01	1	3089
2019-01-15 14:23:01	1	3090
2019-01-15 14:23:01	1	3091
2019-01-15 14:23:01	1	3092
2019-01-15 14:23:01	1	3095
2019-01-15 14:23:01	1	3096
2019-01-15 14:23:01	0	3098
2019-01-15 14:23:01	0	3100
2019-01-15 14:23:01	0	3102
2019-01-15 14:23:01	0	3103
2019-01-15 14:23:01	0	3104
2019-01-15 14:23:01	0	3107
2019-01-15 14:23:01	0	3108
2019-01-15 14:23:01	0	3109
2019-01-15 14:23:01	1	3110
2019-01-15 14:23:01	0	3111
2019-01-15 14:23:01	1	3112
2019-01-15 14:23:01	1	3113
2019-01-15 14:23:01	0	3114
2019-01-15 14:23:01	0	3115
2019-01-15 14:23:01	1	3116
2019-01-15 14:23:01	0	3117
2019-01-15 14:23:01	0	3118
2019-01-15 14:23:01	1	3119
2019-01-15 14:23:01	0	3121
2019-01-15 14:23:01	1	3122
2019-01-15 14:23:01	1	3123
2019-01-15 14:23:01	1	3124
2019-01-15 14:23:01	1	3125
2019-01-15 14:23:01	0	3171
2019-01-15 14:23:01	0	3175
2019-01-15 14:23:01	0	3176
2019-01-15 14:23:01	0	3177
2019-01-15 14:23:01	0	3181
2019-01-15 14:23:01	0	3182
2019-01-15 14:23:01	0	3364
2019-01-15 14:23:01	0	3365
2019-01-15 14:23:01	1	3366
2019-01-15 14:23:01	0	3367
2019-01-15 14:23:01	1	3368
2019-01-15 14:23:01	0	3382
2019-01-15 14:23:01	1	3403
2019-01-15 14:23:01	1	3404
2019-01-15 14:23:01	1	3405
2019-01-15 14:23:01	1	3408
2019-01-15 14:23:01	1	3410
2019-01-15 14:23:01	1	3414
2019-01-15 14:23:01	1	3416
2019-01-15 14:23:01	1	3418
2019-01-15 14:23:01	0	3604
2019-01-15 14:23:01	1	3606
2019-01-15 14:23:01	0	3615
2019-01-15 14:23:01	0	3617
2019-01-15 14:23:01	0	3618
2019-01-15 14:23:01	1	3619
2019-01-15 14:23:01	0	3622
2019-01-15 14:23:01	0	3623
2019-01-15 14:23:01	1	3634
2019-01-15 14:23:01	1	3637
2019-01-15 14:23:01	1	3638
2019-01-15 14:23:01	1	3640
2019-01-15 14:23:01	1	3642
2019-01-15 14:23:01	0	3661
2019-01-15 14:23:01	0	3665
2019-01-15 14:23:01	0	3669
2019-01-15 14:23:01	0	3671
2019-01-15 14:23:01	0	3673
2019-01-15 14:23:01	1	3676
2019-01-15 14:23:01	1	3678
2019-01-15 14:23:01	0	3682
2019-01-15 14:23:01	1	3684
2019-01-15 14:23:01	0	3688
2019-01-15 14:23:01	0	3690
2019-01-15 14:23:01	0	3694
2019-01-15 14:23:01	1	3696
2019-01-15 14:23:01	0	3699
2019-01-15 14:23:01	1	3700
2019-01-15 14:23:01	0	3701
2019-01-15 14:23:01	1	3702
2019-01-15 14:23:01	0	3703
2019-01-15 14:23:01	1	3704
2019-01-15 14:23:01	0	3705
2019-01-15 14:23:01	0	3706
2019-01-15 14:23:01	1	3707
2019-01-15 14:23:01	0	3708
2019-01-15 14:23:01	0	3709
2019-01-15 14:23:01	0	3710
2019-01-15 14:23:01	0	3711
2019-01-15 14:23:01	0	3713
2019-01-15 14:23:01	0	3717
2019-01-15 14:23:01	0	3719
2019-01-15 14:23:01	0	3720
2019-01-15 14:23:01	1	3721
2019-01-15 14:23:01	0	3722
2019-01-15 14:23:01	0	3723
2019-01-15 14:23:01	0	3724
2019-01-15 14:23:01	0	3725
2019-01-15 14:23:01	0	3727
2019-01-15 14:23:01	1	3730
2019-01-15 14:23:01	0	3893
2019-01-15 14:23:01	0	3894
2019-01-15 14:23:01	0	3895
2019-01-15 14:23:01	1	3896
2019-01-15 14:23:01	1	3897
2019-01-15 14:23:01	1	3898
2019-01-15 14:23:01	0	3899
2019-01-15 14:23:01	1	3900
2019-01-15 14:23:01	0	3906
2019-01-15 14:23:01	0	3907
2019-01-15 14:23:01	0	3908
2019-01-15 14:23:01	1	3909
2019-01-15 14:23:01	1	3910
2019-01-15 14:23:01	1	3911
2019-01-15 14:23:01	1	3912
2019-01-15 14:23:01	1	3914
2019-01-15 14:23:01	1	3915
2019-01-15 14:23:01	0	3917
2019-01-15 14:23:01	1	3919
2019-01-15 14:23:01	1	3921
2019-01-15 14:23:01	1	3922
2019-01-15 14:23:01	1	3923
2019-01-15 14:23:01	0	3924
2019-01-15 14:23:01	1	3925
2019-01-15 14:23:01	1	3926
2019-01-15 14:23:01	0	3928
2019-01-15 14:23:01	0	3929
2019-01-15 14:23:01	0	3930
2019-01-15 14:23:01	1	3931
2019-01-15 14:23:01	1	3932
2019-01-15 14:23:01	0	3933
2019-01-15 14:23:01	0	3934
2019-01-15 14:23:01	0	3935
2019-01-15 14:23:01	1	3936
2019-01-15 14:23:01	0	3937
2019-01-15 14:23:01	1	3938
2019-01-15 14:23:01	0	3939
2019-01-15 14:23:01	0	3940
2019-01-15 14:23:01	0	3941
2019-01-15 14:23:01	1	3942
2019-01-15 14:23:01	1	3943
2019-01-15 14:23:01	1	3944
2019-01-15 14:23:01	0	3945
2019-01-15 14:23:01	1	3947
2019-01-15 14:23:01	1	3950
2019-01-15 14:23:01	1	3951
2019-01-15 14:23:01	0	3952
2019-01-15 14:23:01	0	3954
2019-01-15 14:23:01	1	3956
2019-01-15 14:23:01	0	3959
2019-01-15 14:23:01	0	3960
2019-01-15 14:23:01	0	3961
2019-01-15 14:23:01	1	3966
2019-01-15 14:23:01	0	3968
2019-01-15 14:23:01	0	3969
2019-01-15 14:23:01	1	3970
2019-01-15 14:23:01	0	3974
2019-01-15 14:23:01	1	3975
2019-01-15 14:23:01	1	3976
2019-01-15 14:23:01	0	3977
2019-01-15 14:23:01	0	3978
2019-01-15 14:23:01	1	3979
2019-01-15 14:23:01	0	3981
2019-01-15 14:23:01	0	3982
2019-01-15 14:23:01	1	3983
2019-01-15 14:23:01	0	3984
2019-01-15 14:23:01	0	3986
2019-01-15 14:23:01	1	3987
2019-01-15 14:23:01	0	3988
2019-01-15 14:23:01	0	3989
2019-01-15 14:23:01	1	3992
2019-01-15 14:23:01	1	3993
2019-01-15 14:23:01	0	3994
2019-01-15 14:23:01	1	3995
2019-01-15 14:23:01	0	3996
2019-01-15 14:23:01	1	3997
2019-01-15 14:23:01	1	3998
2019-01-15 14:23:01	1	3999
2019-01-15 14:23:01	0	4015
2019-01-15 14:23:01	1	4017
2019-01-15 14:23:01	1	4018
2019-01-15 14:23:01	1	4019
2019-01-15 14:23:01	1	4020
2019-01-15 14:23:01	1	4021
2019-01-15 14:23:01	1	4023
2019-01-15 14:23:01	1	4025
2019-01-15 14:23:01	1	4027
2019-01-15 14:23:01	1	4029
2019-01-15 14:23:01	1	4030
2019-01-15 14:23:01	1	4031
2019-01-15 14:23:01	0	4032
2019-01-15 14:23:01	0	4033
2019-01-15 14:23:01	0	4035
2019-01-15 14:23:01	1	4036
2019-01-15 14:23:01	0	4037
2019-01-15 14:23:01	1	4038
2019-01-15 14:23:01	0	4039
2019-01-15 14:23:01	0	4040
2019-01-15 14:23:01	0	4041
2019-01-15 14:23:01	0	4042
2019-01-15 14:23:01	0	4043
2019-01-15 14:23:01	0	4046
2019-01-15 14:23:01	0	4047
2019-01-15 14:23:01	0	4048
2019-01-15 14:23:01	0	4049
2019-01-15 14:23:01	0	4050
2019-01-15 14:23:01	0	4051
2019-01-15 14:23:01	0	4052
2019-01-15 14:23:01	0	4053
2019-01-15 14:23:01	0	4054
2019-01-15 14:23:01	0	4055
2019-01-15 14:23:01	0	4057
2019-01-15 14:23:01	0	4058
2019-01-15 14:23:01	0	4059
2019-01-15 14:23:01	1	4060
2019-01-15 14:23:01	1	4061
2019-01-15 14:23:01	0	4062
2019-01-15 14:23:01	1	4063
2019-01-15 14:23:01	1	4064
2019-01-15 14:23:01	0	4066
2019-01-15 14:23:01	1	4067
2019-01-15 14:23:01	0	4068
2019-01-15 14:23:01	0	4069
2019-01-15 14:23:01	1	4070
2019-01-15 14:23:01	0	4071
2019-01-15 14:23:01	1	4084
2019-01-15 14:23:01	0	4085
2019-01-15 14:23:01	0	4086
2019-01-15 14:23:01	1	4087
2019-01-15 14:23:01	0	4088
2019-01-15 14:23:01	1	4090
2019-01-15 14:23:01	1	4091
2019-01-15 14:23:01	1	4101
2019-01-15 14:23:01	0	4104
2019-01-15 14:23:01	1	4105
2019-01-15 14:23:01	1	4106
2019-01-15 14:23:01	1	4109
2019-01-15 14:23:01	0	4110
2019-01-15 14:23:01	0	4111
2019-01-15 14:23:01	1	4112
2019-01-15 14:23:01	1	4116
2019-01-15 14:23:01	1	4117
2019-01-15 14:23:01	0	4118
2019-01-15 14:23:01	1	4119
2019-01-15 14:23:01	1	4120
2019-01-15 14:23:01	0	4121
2019-01-15 14:23:01	1	4122
2019-01-15 14:23:01	1	4123
2019-01-15 14:23:01	1	4125
2019-01-15 14:23:01	1	4126
2019-01-15 14:23:01	0	4128
2019-01-15 14:23:01	0	4129
2019-01-15 14:23:01	0	4130
2019-01-15 14:23:01	1	4131
2019-01-15 14:23:01	1	4421
2019-01-15 14:23:01	1	4423
2019-01-15 14:23:01	1	4424
2019-01-15 14:23:01	1	4426
2019-01-15 14:23:01	0	4427
2019-01-15 14:23:01	0	4428
2019-01-15 14:23:01	0	4429
2019-01-15 14:23:01	0	4431
2019-01-15 14:23:01	0	4432
2019-01-15 14:23:01	0	4433
2019-01-15 14:23:01	0	4434
2019-01-15 14:23:01	1	4435
2019-01-15 14:23:01	0	4436
2019-01-15 14:23:01	1	4437
2019-01-15 14:23:01	1	4438
2019-01-15 14:23:01	0	4439
2019-01-15 14:23:01	0	4440
2019-01-15 14:23:01	0	4441
2019-01-15 14:23:01	0	4442
2019-01-15 14:23:01	0	4443
2019-01-15 14:23:01	1	4444
2019-01-15 14:23:01	1	4446
2019-01-15 14:23:01	1	4449
2019-01-15 14:23:01	1	4453
2019-01-15 14:23:01	1	4454
2019-01-15 14:23:01	0	4520
2019-01-15 14:23:01	1	4549
2019-01-15 14:23:01	0	4553
2019-01-15 14:23:01	0	4559
2019-01-15 14:23:01	1	4560
2019-01-15 14:23:01	0	4561
2019-01-15 14:23:01	1	4562
2019-01-15 14:23:01	0	4563
2019-01-15 14:23:01	1	4564
2019-01-15 14:23:01	0	4565
2019-01-15 14:23:01	1	4566
2019-01-15 14:23:01	0	4567
2019-01-15 14:23:01	1	4568
2019-01-15 14:23:01	0	4569
2019-01-15 14:23:01	0	4570
2019-01-15 14:23:01	0	4572
2019-01-15 14:23:01	0	4573
2019-01-15 14:23:01	0	4574
2019-01-15 14:23:01	0	4575
2019-01-15 14:23:01	0	4576
2019-01-15 14:23:01	0	4577
2019-01-15 14:23:01	1	4578
2019-01-15 14:23:01	1	4579
2019-01-15 14:23:01	0	4649
2019-01-15 14:23:01	1	4650
2019-01-15 14:23:01	1	4651
2019-01-15 14:23:01	1	4652
2019-01-15 14:23:01	1	4653
2019-01-15 14:23:01	1	4656
2019-01-15 14:23:01	0	4657
2019-01-15 14:23:01	1	4690
2019-01-15 14:23:01	1	4692
2019-01-15 14:23:01	1	4694
2019-01-15 14:23:01	1	4696
2019-01-15 14:23:01	0	4697
2019-01-15 14:23:01	0	4698
2019-01-15 14:23:01	1	4699
2019-01-15 14:23:01	1	4701
2019-01-15 14:23:01	1	4703
2019-01-15 14:23:01	1	4705
2019-01-15 14:23:01	1	4710
2019-01-15 14:23:01	1	4712
2019-01-15 14:23:01	1	4714
2019-01-15 14:23:01	1	4715
2019-01-15 14:23:01	1	4716
2019-01-15 14:23:01	0	4717
2019-01-15 14:23:01	1	4719
2019-01-15 14:23:01	1	4721
2019-01-15 14:23:01	1	4723
2019-01-15 14:23:01	1	4725
2019-01-15 14:23:01	0	4727
2019-01-15 14:23:01	1	4729
2019-01-15 14:23:01	0	4731
2019-01-15 14:23:01	1	4735
2019-01-15 14:23:01	0	4739
2019-01-15 14:23:01	0	4745
2019-01-15 14:23:01	0	4746
2019-01-15 14:23:01	0	4748
2019-01-15 14:23:01	0	4749
2019-01-15 14:23:01	1	4750
2019-01-15 14:23:01	0	4751
2019-01-15 14:23:01	1	4752
2019-01-15 14:23:01	0	4753
2019-01-15 14:23:01	1	4757
2019-01-15 14:23:01	0	4758
2019-01-15 14:23:01	1	4759
2019-01-15 14:23:01	1	4794
2019-01-15 14:23:01	1	4795
2019-01-15 14:23:01	0	4797
2019-01-15 14:23:01	0	4798
2019-01-15 14:23:01	1	4799
2019-01-15 14:23:01	1	4800
2019-01-15 14:23:01	1	4801
2019-01-15 14:23:01	1	4802
2019-01-15 14:23:01	1	4803
2019-01-15 14:23:01	1	4804
2019-01-15 14:23:01	1	4805
2019-01-15 14:23:01	1	4806
2019-01-15 14:23:01	1	4807
2019-01-15 14:23:01	1	4808
2019-01-15 14:23:01	1	4809
2019-01-15 14:23:01	0	4811
2019-01-15 14:23:01	1	4813
2019-01-15 14:23:01	1	4814
2019-01-15 14:23:01	1	4817
2019-01-15 14:23:01	1	4818
2019-01-15 14:23:01	1	4819
2019-01-15 14:23:01	1	4820
2019-01-15 14:23:01	1	4821
2019-01-15 14:23:01	1	4822
2019-01-15 14:23:01	1	4823
2019-01-15 14:23:01	1	4824
2019-01-15 14:23:01	0	4825
2019-01-15 14:23:01	0	4826
2019-01-15 14:23:01	0	4827
2019-01-15 14:23:01	0	4828
2019-01-15 14:23:01	1	4829
2019-01-15 14:23:01	1	4830
2019-01-15 14:23:01	1	4831
2019-01-15 14:23:01	0	4832
2019-01-15 14:23:01	0	4833
2019-01-15 14:23:01	1	4834
2019-01-15 14:23:01	0	4837
2019-01-15 14:23:01	1	4838
2019-01-15 14:23:01	1	4839
2019-01-15 14:23:01	1	4840
2019-01-15 14:23:01	1	4841
2019-01-15 14:23:01	0	4842
2019-01-15 14:23:01	1	4843
2019-01-15 14:23:01	0	4844
2019-01-15 14:23:01	0	4845
2019-01-15 14:23:01	0	4846
2019-01-15 14:23:01	0	4847
2019-01-15 14:23:01	0	4848
2019-01-15 14:23:01	0	4849
2019-01-15 14:23:01	0	4850
2019-01-15 14:23:01	1	4851
2019-01-15 14:23:01	1	4852
2019-01-15 14:23:01	0	4853
2019-01-15 14:23:01	1	4855
2019-01-15 14:23:01	1	4857
2019-01-15 14:23:01	0	4861
2019-01-15 14:23:01	1	4863
2019-01-15 14:23:01	0	4865
2019-01-15 14:23:01	0	4866
2019-01-15 14:23:01	0	4867
2019-01-15 14:23:01	0	4868
2019-01-15 14:23:01	0	4869
2019-01-15 14:23:01	1	4876
2019-01-15 14:23:01	0	4877
2019-01-15 14:23:01	0	4878
2019-01-15 14:23:01	0	4879
2019-01-15 14:23:01	0	4881
2019-01-15 14:23:01	1	4883
2019-01-15 14:23:01	1	4885
2019-01-15 14:23:01	0	4887
2019-01-15 14:23:01	0	4889
2019-01-15 14:23:01	0	4893
2019-01-15 14:23:01	0	4895
2019-01-15 14:23:01	0	4897
2019-01-15 14:23:01	0	4899
2019-01-15 14:23:01	0	4901
2019-01-15 14:23:01	1	4903
2019-01-15 14:23:01	0	4905
2019-01-15 14:23:01	0	4907
2019-01-15 14:23:01	0	4909
2019-01-15 14:23:01	0	4911
2019-01-15 14:23:01	0	4913
2019-01-15 14:23:01	0	4915
2019-01-15 14:23:01	0	4917
2019-01-15 14:23:01	0	4919
2019-01-15 14:23:01	0	4921
2019-01-15 14:23:01	0	4927
2019-01-15 14:23:01	0	4929
2019-01-15 14:23:01	1	4933
2019-01-15 14:23:01	1	4937
2019-01-15 14:23:01	0	4939
2019-01-15 14:23:01	0	4944
2019-01-15 14:23:01	1	4946
2019-01-15 14:23:01	1	4948
2019-01-15 14:23:01	1	4956
2019-01-15 14:23:01	1	4958
2019-01-15 14:23:01	0	4960
2019-01-15 14:23:01	0	4962
2019-01-15 14:23:01	0	4964
2019-01-15 14:23:01	0	4966
2019-01-15 14:23:01	1	4968
2019-01-15 14:23:01	1	4970
2019-01-15 14:23:01	0	4972
2019-01-15 14:23:01	0	4974
2019-01-15 14:23:01	1	4976
2019-01-15 14:23:01	1	4978
2019-01-15 14:23:01	0	4981
2019-01-15 14:23:01	1	4982
2019-01-15 14:23:01	0	4983
2019-01-15 14:23:01	0	4985
2019-01-15 14:23:01	0	4987
2019-01-15 14:23:01	0	4989
2019-01-15 14:23:01	0	4991
2019-01-15 14:23:01	1	4993
2019-01-15 14:23:01	1	4995
2019-01-15 14:23:01	0	4997
2019-01-15 14:23:01	1	4999
2019-01-15 14:23:01	0	5001
2019-01-15 14:23:01	0	5003
2019-01-15 14:23:01	1	5005
2019-01-15 14:23:01	0	5007
2019-01-15 14:23:01	0	5009
2019-01-15 14:23:01	0	5011
2019-01-15 14:23:01	1	5013
2019-01-15 14:23:01	0	5015
2019-01-15 14:23:01	0	5017
2019-01-15 14:23:01	0	5019
2019-01-15 14:23:01	1	5021
2019-01-15 14:23:01	0	5022
2019-01-15 14:23:01	0	5023
2019-01-15 14:23:01	0	5026
2019-01-15 14:23:01	1	5028
2019-01-15 14:23:01	1	5029
2019-01-15 14:23:01	1	5030
2019-01-15 14:23:01	0	5031
2019-01-15 14:23:01	1	5032
2019-01-15 14:23:01	1	5033
2019-01-15 14:23:01	0	5034
2019-01-15 14:23:01	0	5035
2019-01-15 14:23:01	1	5036
2019-01-15 14:23:01	0	5037
2019-01-15 14:23:01	0	5038
2019-01-15 14:23:01	1	5039
2019-01-15 14:23:01	1	5040
2019-01-15 14:23:01	1	5041
2019-01-15 14:23:01	0	5042
2019-01-15 14:23:01	1	5043
2019-01-15 14:23:01	0	5046
2019-01-15 14:23:01	0	5047
2019-01-15 14:23:01	0	5048
2019-01-15 14:23:01	0	5049
2019-01-15 14:23:01	0	5050
2019-01-15 14:23:01	0	5051
2019-01-15 14:23:01	0	5052
2019-01-15 14:23:01	1	5053
2019-01-15 14:23:01	0	5054
2019-01-15 14:23:01	1	5055
2019-01-15 14:23:01	1	5056
2019-01-15 14:23:01	0	5057
2019-01-15 14:23:01	0	5058
2019-01-15 14:23:01	1	5059
2019-01-15 14:23:01	0	5060
2019-01-15 14:23:01	0	5061
2019-01-15 14:23:01	0	5062
2019-01-15 14:23:01	0	5063
2019-01-15 14:23:01	0	5064
2019-01-15 14:23:01	1	5065
2019-01-15 14:23:01	0	5066
2019-01-15 14:23:01	0	5067
2019-01-15 14:23:01	0	5068
2019-01-15 14:23:01	0	5069
2019-01-15 14:23:01	0	5070
2019-01-15 14:23:01	0	5071
2019-01-15 14:23:01	1	5072
2019-01-15 14:23:01	0	5073
2019-01-15 14:23:01	0	5074
2019-01-15 14:23:01	1	5075
2019-01-15 14:23:01	0	5076
2019-01-15 14:23:01	1	5077
2019-01-15 14:23:01	0	5078
2019-01-15 14:23:01	0	5079
2019-01-15 14:23:01	0	5080
2019-01-15 14:23:01	1	5081
2019-01-15 14:23:01	1	5082
2019-01-15 14:23:01	1	5083
2019-01-15 14:23:01	1	5084
2019-01-15 14:23:01	1	5085
2019-01-15 14:23:01	0	5086
2019-01-15 14:23:01	1	5087
2019-01-15 14:23:01	1	5088
2019-01-15 14:23:01	0	5089
2019-01-15 14:23:01	1	5090
2019-01-15 14:23:01	1	5091
2019-01-15 14:23:01	1	5092
2019-01-15 14:23:01	0	5093
2019-01-15 14:23:01	0	5094
2019-01-15 14:23:01	0	5095
2019-01-15 14:23:01	0	5096
2019-01-15 14:23:01	1	5097
2019-01-15 14:23:01	0	5098
2019-01-15 14:23:01	1	5099
2019-01-15 14:23:01	1	5100
2019-01-15 14:23:01	0	5101
2019-01-15 14:23:01	0	5102
2019-01-15 14:23:01	1	5103
2019-01-15 14:23:01	1	5104
2019-01-15 14:23:01	1	5105
2019-01-15 14:23:01	0	5106
2019-01-15 14:23:01	1	5107
2019-01-15 14:23:01	0	5108
2019-01-15 14:23:01	1	5109
2019-01-15 14:23:01	1	5110
2019-01-15 14:23:01	1	5111
2019-01-15 14:23:01	1	5112
2019-01-15 14:23:01	1	5113
2019-01-15 14:23:01	1	5114
2019-01-15 14:23:01	1	5115
2019-01-15 14:23:01	1	5116
2019-01-15 14:23:01	1	5117
2019-01-15 14:23:01	1	5118
2019-01-15 14:23:01	1	5119
2019-01-15 14:23:01	0	5120
2019-01-15 14:23:01	1	5121
2019-01-15 14:23:01	1	5122
2019-01-15 14:23:01	0	5123
2019-01-15 14:23:01	1	5125
2019-01-15 14:23:01	1	5126
2019-01-15 14:23:01	1	5127
2019-01-15 14:23:01	0	5128
2019-01-15 14:23:01	1	5129
2019-01-15 14:23:01	1	5130
2019-01-15 14:23:01	1	5131
2019-01-15 14:23:01	1	5132
2019-01-15 14:23:01	0	5133
2019-01-15 14:23:01	1	5134
2019-01-15 14:23:01	1	5135
2019-01-15 14:23:01	1	5136
2019-01-15 14:23:01	1	5137
2019-01-15 14:23:01	1	5138
2019-01-15 14:23:01	1	5139
2019-01-15 14:23:01	1	5140
2019-01-15 14:23:01	1	5141
2019-01-15 14:23:01	1	5142
2019-01-15 14:23:01	1	5143
2019-01-15 14:23:01	0	5144
2019-01-15 14:23:01	1	5145
2019-01-15 14:23:01	1	5146
2019-01-15 14:23:01	1	5147
2019-01-15 14:23:01	0	5148
2019-01-15 14:23:01	1	5149
2019-01-15 14:23:01	0	5150
2019-01-15 14:23:01	1	5151
2019-01-15 14:23:01	1	5152
2019-01-15 14:23:01	1	5153
2019-01-15 14:23:01	0	5154
2019-01-15 14:23:01	0	5155
2019-01-15 14:23:01	1	5156
2019-01-15 14:23:01	1	5166
2019-01-15 14:23:01	0	5300
2019-01-15 14:23:01	0	5301
2019-01-15 14:23:01	1	5302
2019-01-15 14:23:01	0	5303
2019-01-15 14:23:01	0	5304
2019-01-15 14:23:01	1	5305
2019-01-15 14:23:01	1	5306
2019-01-15 14:23:01	1	5307
2019-01-15 14:23:01	1	5308
2019-01-15 14:23:01	0	5309
2019-01-15 14:23:01	0	5311
2019-01-15 14:23:01	0	5312
2019-01-15 14:23:01	1	5313
2019-01-15 14:23:01	1	5314
2019-01-15 14:23:01	0	5315
2019-01-15 14:23:01	0	5316
2019-01-15 14:23:01	1	5317
2019-01-15 14:23:01	1	5318
2019-01-15 14:23:01	0	5321
2019-01-15 14:23:01	0	5322
2019-01-15 14:23:01	0	5323
2019-01-15 14:23:01	0	5324
2019-01-15 14:23:01	0	5325
2019-01-15 14:23:01	0	5326
2019-01-15 14:23:01	0	5327
2019-01-15 14:23:01	0	5328
2019-01-15 14:23:01	1	5329
2019-01-15 14:23:01	1	5330
2019-01-15 14:23:01	0	5331
2019-01-15 14:23:01	0	5332
2019-01-15 14:23:01	0	5333
2019-01-15 14:23:01	0	5336
2019-01-15 14:23:01	0	5345
2019-01-15 14:23:01	0	5346
2019-01-15 14:23:01	0	5347
2019-01-15 14:23:01	1	5348
2019-01-15 14:23:01	0	5349
2019-01-15 14:23:01	0	5351
2019-01-15 14:23:01	1	5352
2019-01-15 14:23:01	0	5353
2019-01-15 14:23:01	1	5354
2019-01-15 14:23:01	0	5355
2019-01-15 14:23:01	1	5356
2019-01-15 14:23:01	1	5357
2019-01-15 14:23:01	1	5358
2019-01-15 14:23:01	0	5359
2019-01-15 14:23:01	1	5360
2019-01-15 14:23:01	1	5361
2019-01-15 14:23:01	1	5362
2019-01-15 14:23:01	0	5363
2019-01-15 14:23:01	0	5364
2019-01-15 14:23:01	1	5367
2019-01-15 14:23:01	0	5368
2019-01-15 14:23:01	1	5369
2019-01-15 14:23:01	0	5370
2019-01-15 14:23:01	0	5371
2019-01-15 14:23:01	1	5372
2019-01-15 14:23:01	0	5373
2019-01-15 14:23:01	1	5374
2019-01-15 14:23:01	0	5375
2019-01-15 14:23:01	0	5376
2019-01-15 14:23:01	1	5378
2019-01-15 14:23:01	1	5383
2019-01-15 14:23:01	0	5384
2019-01-15 14:23:01	0	5385
2019-01-15 14:23:01	0	5386
2019-01-15 14:23:01	1	5387
2019-01-15 14:23:01	0	5388
2019-01-15 14:23:01	1	5389
2019-01-15 14:23:01	1	5390
2019-01-15 14:23:01	1	5391
2019-01-15 14:23:01	1	5392
2019-01-15 14:23:01	1	5393
2019-01-15 14:23:01	1	5394
2019-01-15 14:23:01	1	5395
2019-01-15 14:23:01	1	5396
2019-01-15 14:23:01	1	5397
2019-01-15 14:23:01	0	5398
2019-01-15 14:23:01	1	5399
2019-01-15 14:23:01	0	5400
2019-01-15 14:23:01	1	5401
2019-01-15 14:23:01	1	5405
2019-01-15 14:23:01	0	5406
2019-01-15 14:23:01	1	5407
2019-01-15 14:23:01	1	5408
2019-01-15 14:23:01	1	5409
2019-01-15 14:23:01	1	5410
2019-01-15 14:23:01	1	5411
2019-01-15 14:23:01	1	5412
2019-01-15 14:23:01	0	5413
2019-01-15 14:23:01	0	5414
2019-01-15 14:23:01	1	5416
2019-01-15 14:23:01	1	5417
2019-01-15 14:23:01	0	5424
2019-01-15 14:23:01	0	5425
2019-01-15 14:23:01	0	5426
2019-01-15 14:23:01	0	5427
2019-01-15 14:23:01	0	5428
2019-01-15 14:23:01	0	5429
2019-01-15 14:23:01	0	5430
2019-01-15 14:23:01	1	5431
2019-01-15 14:23:01	1	5432
2019-01-15 14:23:01	1	5433
2019-01-15 14:23:01	1	5434
2019-01-15 14:23:01	1	5435
2019-01-15 14:23:01	1	5436
2019-01-15 14:23:01	1	5437
2019-01-15 14:23:01	1	5438
2019-01-15 14:23:01	1	5439
2019-01-15 14:23:01	1	5440
2019-01-15 14:23:01	1	5441
2019-01-15 14:23:01	0	5442
2019-01-15 14:23:01	0	5443
2019-01-15 14:23:01	1	5444
2019-01-15 14:23:01	0	5445
2019-01-15 14:23:01	1	5446
2019-01-15 14:23:01	0	5447
2019-01-15 14:23:01	1	5448
2019-01-15 14:23:01	1	5449
2019-01-15 14:23:01	1	5450
2019-01-15 14:23:01	1	5451
2019-01-15 14:23:01	1	5452
2019-01-15 14:23:01	1	5453
2019-01-15 14:23:01	1	5454
2019-01-15 14:23:01	1	5455
2019-01-15 14:23:01	1	5456
2019-01-15 14:23:01	0	5457
2019-01-15 14:23:01	1	5458
2019-01-15 14:23:01	0	5459
2019-01-15 14:23:01	1	5460
2019-01-15 14:23:01	0	5462
2019-01-15 14:23:01	1	5463
2019-01-15 14:23:01	1	5464
2019-01-15 14:23:01	0	5465
2019-01-15 14:23:01	0	5467
2019-01-15 14:23:01	1	5468
2019-01-15 14:23:01	0	5469
2019-01-15 14:23:01	1	5470
2019-01-15 14:23:01	1	5471
2019-01-15 14:23:01	1	5472
2019-01-15 14:23:01	1	5474
2019-01-15 14:23:01	0	5475
2019-01-15 14:23:01	1	5476
2019-01-15 14:23:01	1	5477
2019-01-15 14:23:01	0	5478
2019-01-15 14:23:01	1	5479
2019-01-15 14:23:01	0	5480
2019-01-15 14:23:01	0	5481
2019-01-15 14:23:01	0	5482
2019-01-15 14:23:01	1	5484
2019-01-15 14:23:01	0	5485
2019-01-15 14:23:01	0	5486
2019-01-15 14:23:01	0	5487
2019-01-15 14:23:01	0	5488
2019-01-15 14:23:01	1	5489
2019-01-15 14:23:01	1	5491
2019-01-15 14:23:01	1	5493
2019-01-15 14:23:01	1	5583
2019-01-15 14:23:01	0	5584
2019-01-15 14:23:01	1	5585
2019-01-15 14:23:01	1	5586
2019-01-15 14:23:01	0	5587
2019-01-15 14:23:01	1	5588
2019-01-15 14:23:01	0	5589
2019-01-15 14:23:01	1	5590
2019-01-15 14:23:01	0	5600
2019-01-15 14:23:01	0	5601
2019-01-15 14:23:01	0	5602
2019-01-15 14:23:01	0	5603
2019-01-15 14:23:01	1	5604
2019-01-15 14:23:01	1	5605
2019-01-15 14:23:01	1	5606
2019-01-15 14:23:01	1	5607
2019-01-15 14:23:01	0	5608
2019-01-15 14:23:01	1	5609
2019-01-15 14:23:01	1	5610
2019-01-15 14:23:01	0	5611
2019-01-15 14:23:01	1	5612
2019-01-15 14:23:01	0	5614
2019-01-15 14:23:01	1	5615
2019-01-15 14:23:01	1	5616
2019-01-15 14:23:01	1	5617
2019-01-15 14:23:01	0	5618
2019-01-15 14:23:01	0	5619
2019-01-15 14:23:01	0	5620
2019-01-15 14:23:01	0	5621
2019-01-15 14:23:01	0	5622
2019-01-15 14:23:01	0	5623
2019-01-15 14:23:01	0	5624
2019-01-15 14:23:01	0	5625
2019-01-15 14:23:01	1	5626
2019-01-15 14:23:01	0	5627
2019-01-15 14:23:01	0	5628
2019-01-15 14:23:01	0	5629
2019-01-15 14:23:01	1	5630
2019-01-15 14:23:01	1	5631
2019-01-15 14:23:01	0	5632
2019-01-15 14:23:01	0	5634
2019-01-15 14:23:01	0	5635
2019-01-15 14:23:01	0	5636
2019-01-15 14:23:01	1	5637
2019-01-15 14:23:01	0	5638
2019-01-15 14:23:01	0	5639
2019-01-15 14:23:01	0	5640
2019-01-15 14:23:01	0	5641
2019-01-15 14:23:01	0	5642
2019-01-15 14:23:01	0	5643
2019-01-15 14:23:01	0	5644
2019-01-15 14:23:01	0	5645
2019-01-15 14:23:01	0	5646
2019-01-15 14:23:01	0	5647
2019-01-15 14:23:01	0	5648
2019-01-15 14:23:01	0	5649
2019-01-15 14:23:01	0	5650
2019-01-15 14:23:01	0	5651
2019-01-15 14:23:01	0	5652
2019-01-15 14:23:01	0	5653
2019-01-15 14:23:01	0	5654
2019-01-15 14:23:01	0	5655
2019-01-15 14:23:01	0	5656
2019-01-15 14:23:01	0	5657
2019-01-15 14:23:01	0	5658
2019-01-15 14:23:01	0	5659
2019-01-15 14:23:01	0	5660
2019-01-15 14:23:01	0	5661
2019-01-15 14:23:01	0	5662
2019-01-15 14:23:01	0	5663
2019-01-15 14:23:01	0	5664
2019-01-15 14:23:01	1	5665
2019-01-15 14:23:01	1	5666
2019-01-15 14:23:01	0	5668
2019-01-15 14:23:01	0	5669
2019-01-15 14:23:01	0	5670
2019-01-15 14:23:01	0	5671
2019-01-15 14:23:01	1	5672
2019-01-15 14:23:01	1	5673
2019-01-15 14:23:01	1	5674
2019-01-15 14:23:01	1	5675
2019-01-15 14:23:01	1	5676
2019-01-15 14:23:01	1	5677
2019-01-15 14:23:01	1	5678
2019-01-15 14:23:01	1	5679
2019-01-15 14:23:01	0	5680
2019-01-15 14:23:01	1	5681
2019-01-15 14:23:01	1	5682
2019-01-15 14:23:01	1	5683
2019-01-15 14:23:01	1	5684
2019-01-15 14:23:01	1	5685
2019-01-15 14:23:01	1	5686
2019-01-15 14:23:01	1	5687
2019-01-15 14:23:01	1	5688
2019-01-15 14:23:01	0	5689
2019-01-15 14:23:01	0	5690
2019-01-15 14:23:01	1	5691
2019-01-15 14:23:01	1	5692
2019-01-15 14:23:01	1	5693
2019-01-15 14:23:01	1	5694
2019-01-15 14:23:01	1	5695
2019-01-15 14:23:01	1	5696
2019-01-15 14:23:01	1	5697
2019-01-15 14:23:01	1	5698
2019-01-15 14:23:01	1	5699
2019-01-15 14:23:01	1	5700
2019-01-15 14:23:01	0	5708
2019-01-15 14:23:01	1	5709
2019-01-15 14:23:01	1	5710
2019-01-15 14:23:01	1	5711
2019-01-15 14:23:01	1	5712
2019-01-15 14:23:01	0	5713
2019-01-15 14:23:01	1	5714
2019-01-15 14:23:01	1	5715
2019-01-15 14:23:01	1	5716
2019-01-15 14:23:01	1	5717
2019-01-15 14:23:01	0	5718
2019-01-15 14:23:01	1	5719
2019-01-15 14:23:01	1	5720
2019-01-15 14:23:01	1	5721
2019-01-15 14:23:01	1	5722
2019-01-15 14:23:01	0	5723
2019-01-15 14:23:01	0	5724
2019-01-15 14:23:01	1	5725
2019-01-15 14:23:01	0	5726
2019-01-15 14:23:01	0	5727
2019-01-15 14:23:01	1	5728
2019-01-15 14:23:01	1	5730
2019-01-15 14:23:01	1	5731
2019-01-15 14:23:01	0	5732
2019-01-15 14:23:01	0	5733
2019-01-15 14:23:01	0	5734
2019-01-15 14:23:01	0	5735
2019-01-15 14:23:01	0	5736
2019-01-15 14:23:01	0	5737
2019-01-15 14:23:01	0	5738
2019-01-15 14:23:01	0	5739
2019-01-15 14:23:01	0	5740
2019-01-15 14:23:01	0	5741
2019-01-15 14:23:01	0	5742
2019-01-15 14:23:01	0	5743
2019-01-15 14:23:01	1	5744
2019-01-15 14:23:01	0	5745
2019-01-15 14:23:01	1	5749
2019-01-15 14:23:01	1	5750
2019-01-15 14:23:01	1	5751
2019-01-15 14:23:01	1	5752
2019-01-15 14:23:01	1	5753
2019-01-15 14:23:01	1	5754
2019-01-15 14:23:01	1	5755
2019-01-15 14:23:01	1	5756
2019-01-15 14:23:01	1	5757
2019-01-15 14:23:01	0	5758
2019-01-15 14:23:01	1	5759
2019-01-15 14:23:01	0	5760
2019-01-15 14:23:01	1	5761
2019-01-15 14:23:01	0	5762
2019-01-15 14:23:01	0	5763
2019-01-15 14:23:01	0	5764
2019-01-15 14:23:01	1	5765
2019-01-15 14:23:01	1	5766
2019-01-15 14:23:01	1	5767
2019-01-15 14:23:01	0	5768
2019-01-15 14:23:01	0	5769
2019-01-15 14:23:01	1	5770
2019-01-15 14:23:01	0	5771
2019-01-15 14:23:01	1	5772
2019-01-15 14:23:01	1	5773
2019-01-15 14:23:01	1	5774
2019-01-15 14:23:01	1	5775
2019-01-15 14:23:01	1	5776
2019-01-15 14:23:01	0	5777
2019-01-15 14:23:01	1	5780
2019-01-15 14:23:01	1	5781
2019-01-15 14:23:01	1	5782
2019-01-15 14:23:01	0	5783
2019-01-15 14:23:01	0	5784
2019-01-15 14:23:01	1	5785
2019-01-15 14:23:01	0	5787
2019-01-15 14:23:01	0	5788
2019-01-15 14:23:01	1	5789
2019-01-15 14:23:01	1	5790
2019-01-15 14:23:01	0	5791
2019-01-15 14:23:01	1	5792
2019-01-15 14:23:01	0	5793
2019-01-15 14:23:01	1	5794
2019-01-15 14:23:01	0	5795
2019-01-15 14:23:01	0	5796
2019-01-15 14:23:01	0	5797
2019-01-15 14:23:01	0	5798
2019-01-15 14:23:01	0	5799
2019-01-15 14:23:01	0	5800
2019-01-15 14:23:01	0	5801
2019-01-15 14:23:01	0	5802
2019-01-15 14:23:01	0	5803
2019-01-15 14:23:01	0	5804
2019-01-15 14:23:01	1	5805
2019-01-15 14:23:01	1	5806
2019-01-15 14:23:01	0	5807
2019-01-15 14:23:01	0	5810
2019-01-15 14:23:01	0	5811
2019-01-15 14:23:01	0	5812
2019-01-15 14:23:01	0	5813
2019-01-15 14:23:01	0	5814
2019-01-15 14:23:01	0	5815
2019-01-15 14:23:01	0	5816
2019-01-15 14:23:01	0	5817
2019-01-15 14:23:01	0	5818
2019-01-15 14:23:01	0	5819
2019-01-15 14:23:01	0	5820
2019-01-15 14:23:01	0	5821
2019-01-15 14:23:01	1	5850
2019-01-15 14:23:01	1	5851
2019-01-15 14:23:01	1	5852
2019-01-15 14:23:01	1	5853
2019-01-15 14:23:01	1	5854
2019-01-15 14:23:01	0	5855
2019-01-15 14:23:01	1	5856
2019-01-15 14:23:01	1	5857
2019-01-15 14:23:01	1	5858
2019-01-15 14:23:01	1	5859
2019-01-15 14:23:01	0	5860
2019-01-15 14:23:01	1	5861
2019-01-15 14:23:01	0	5862
2019-01-15 14:23:01	1	5864
2019-01-15 14:23:01	1	5865
2019-01-15 14:23:01	1	5866
2019-01-15 14:23:01	1	5867
2019-01-15 14:23:01	1	5868
2019-01-15 14:23:01	1	5869
2019-01-15 14:23:01	1	5870
2019-01-15 14:23:01	1	5871
2019-01-15 14:23:01	1	5872
2019-01-15 14:23:01	1	5873
2019-01-15 14:23:01	1	5874
2019-01-15 14:23:01	0	5875
2019-01-15 14:23:01	1	5876
2019-01-15 14:23:01	0	5877
2019-01-15 14:23:01	0	5878
2019-01-15 14:23:01	1	5879
2019-01-15 14:23:01	0	5880
2019-01-15 14:23:01	1	5881
2019-01-15 14:23:01	0	5882
2019-01-15 14:23:01	1	5883
2019-01-15 14:23:01	1	5884
2019-01-15 14:23:01	1	5886
2019-01-15 14:23:01	0	5887
2019-01-15 14:23:01	1	5888
2019-01-15 14:23:01	1	5889
2019-01-15 14:23:01	0	5890
2019-01-15 14:23:01	0	5891
2019-01-15 14:23:01	0	5892
2019-01-15 14:23:01	1	5893
2019-01-15 14:23:01	0	5894
2019-01-15 14:23:01	0	5895
2019-01-15 14:23:01	0	5896
2019-01-15 14:23:01	0	5897
2019-01-15 14:23:01	1	5898
2019-01-15 14:23:01	0	5899
2019-01-15 14:23:01	0	5900
2019-01-15 14:23:01	1	5902
2019-01-15 14:23:01	1	5903
2019-01-15 14:23:01	0	5904
2019-01-15 14:23:01	0	5905
2019-01-15 14:23:01	0	5906
2019-01-15 14:23:01	1	5907
2019-01-15 14:23:01	0	5908
2019-01-15 14:23:01	1	5909
2019-01-15 14:23:01	1	5910
2019-01-15 14:23:01	1	5911
2019-01-15 14:23:01	1	5912
2019-01-15 14:23:01	1	5913
2019-01-15 14:23:01	1	5914
2019-01-15 14:23:01	1	5915
2019-01-15 14:23:01	0	5916
2019-01-15 14:23:01	0	5917
2019-01-15 14:23:01	1	5918
2019-01-15 14:23:01	0	5919
2019-01-15 14:23:01	0	5920
2019-01-15 14:23:01	1	5921
2019-01-15 14:23:01	0	5922
2019-01-15 14:23:01	1	5923
2019-01-15 14:23:01	0	5924
2019-01-15 14:23:01	1	5925
2019-01-15 14:23:01	1	5926
2019-01-15 14:23:01	0	5927
2019-01-15 14:23:01	1	5928
2019-01-15 14:23:01	0	5929
2019-01-15 14:23:01	1	5982
2019-01-15 14:23:01	1	5983
2019-01-15 14:23:01	1	6005
2019-01-15 14:23:01	1	6007
2019-01-15 14:23:01	1	6008
2019-01-15 14:23:01	1	6009
2019-01-15 14:23:01	1	6010
2019-01-15 14:23:01	1	6015
2019-01-15 14:23:01	1	6016
2019-01-15 14:23:01	1	6017
2019-01-15 14:23:01	0	6018
2019-01-15 14:23:01	0	6019
2019-01-15 14:23:01	0	6020
2019-01-15 14:23:01	1	6021
2019-01-15 14:23:01	0	6022
2019-01-15 14:23:01	1	6023
2019-01-15 14:23:01	0	6024
2019-01-15 14:23:01	0	6025
2019-01-15 14:23:01	1	6026
2019-01-15 14:23:01	0	6035
2019-01-15 14:23:01	0	6036
2019-01-15 14:23:01	1	6037
2019-01-15 14:23:01	0	6038
2019-01-15 14:23:01	0	6039
2019-01-15 14:23:01	0	6044
2019-01-15 14:23:01	1	6045
2019-01-15 14:23:01	1	6047
2019-01-15 14:23:01	0	6049
2019-01-15 14:23:01	1	6050
2019-01-15 14:23:01	1	6051
2019-01-15 14:23:01	1	6052
2019-01-15 14:23:01	1	6053
2019-01-15 14:23:01	1	6054
2019-01-15 14:23:01	1	6055
2019-01-15 14:23:01	1	6056
2019-01-15 14:23:01	0	6057
2019-01-15 14:23:01	0	6058
2019-01-15 14:23:01	1	6059
2019-01-15 14:23:01	1	6060
2019-01-15 14:23:01	1	6061
2019-01-15 14:23:01	1	6063
2019-01-15 14:23:01	1	6064
2019-01-15 14:23:01	0	6066
2019-01-15 14:23:01	0	6067
2019-01-15 14:23:01	1	6068
2019-01-15 14:23:01	1	6069
2019-01-15 14:23:01	1	6070
2019-01-15 14:23:01	1	6073
2019-01-15 14:23:01	0	6074
2019-01-15 14:23:01	0	6075
2019-01-15 14:23:01	1	6076
2019-01-15 14:23:01	1	6077
2019-01-15 14:23:01	0	6078
2019-01-15 14:23:01	0	6079
2019-01-15 14:23:01	0	6080
2019-01-15 14:23:01	1	6081
2019-01-15 14:23:01	0	6082
2019-01-15 14:23:01	0	6083
2019-01-15 14:23:01	0	6084
2019-01-15 14:23:01	1	6085
2019-01-15 14:23:01	1	6086
2019-01-15 14:23:01	1	6087
2019-01-15 14:23:01	0	6088
2019-01-15 14:23:01	0	6089
2019-01-15 14:23:01	1	6090
2019-01-15 14:23:01	1	6091
2019-01-15 14:23:01	1	6092
2019-01-15 14:23:01	0	6093
2019-01-15 14:23:01	1	6101
2019-01-15 14:23:01	0	6102
2019-01-15 14:23:01	1	6103
2019-01-15 14:23:01	1	6104
2019-01-15 14:23:01	1	6105
2019-01-15 14:23:01	1	6106
2019-01-15 14:23:01	1	6107
2019-01-15 14:23:01	1	6108
2019-01-15 14:23:01	1	6109
2019-01-15 14:23:01	1	6110
2019-01-15 14:23:01	1	6111
2019-01-15 14:23:01	0	6112
2019-01-15 14:23:01	1	6113
2019-01-15 14:23:01	1	6114
2019-01-15 14:23:01	0	6115
2019-01-15 14:23:01	1	6116
2019-01-15 14:23:01	1	6117
2019-01-15 14:23:01	0	6118
2019-01-15 14:23:01	1	6119
2019-01-15 14:23:01	1	6120
2019-01-15 14:23:01	1	6121
2019-01-15 14:23:01	1	6122
2019-01-15 14:23:01	0	6123
2019-01-15 14:23:01	1	6124
2019-01-15 14:23:01	1	6125
2019-01-15 14:23:01	1	6126
2019-01-15 14:23:01	0	6127
2019-01-15 14:23:01	1	6128
2019-01-15 14:23:01	1	6129
2019-01-15 14:23:01	0	6130
2019-01-15 14:23:01	1	6131
2019-01-15 14:23:01	1	6132
2019-01-15 14:23:01	0	6133
2019-01-15 14:23:01	0	6135
2019-01-15 14:23:01	1	6136
2019-01-15 14:23:01	1	6137
2019-01-15 14:23:01	1	6138
2019-01-15 14:23:01	1	6139
2019-01-15 14:23:01	1	6140
2019-01-15 14:23:01	0	6141
2019-01-15 14:23:01	1	6142
2019-01-15 14:23:01	0	6143
2019-01-15 14:23:01	1	6145
2019-01-15 14:23:01	0	6146
2019-01-15 14:23:01	1	6147
2019-01-15 14:23:01	1	6148
2019-01-15 14:23:01	1	6149
2019-01-15 14:23:01	1	6150
2019-01-15 14:23:01	1	6151
2019-01-15 14:23:01	1	6152
2019-01-15 14:23:01	1	6153
2019-01-15 14:23:01	0	6154
2019-01-15 14:23:01	1	6155
2019-01-15 14:23:01	0	6169
2019-01-15 14:23:01	0	6170
2019-01-15 14:23:01	1	6171
2019-01-15 14:23:01	0	6172
2019-01-15 14:23:01	1	6173
2019-01-15 14:23:01	1	6174
2019-01-15 14:23:01	0	6176
2019-01-15 14:23:01	1	6177
2019-01-15 14:23:01	1	6178
2019-01-15 14:23:01	0	6179
2019-01-15 14:23:01	0	6180
2019-01-15 14:23:01	1	6181
2019-01-15 14:23:01	0	6182
2019-01-15 14:23:01	1	6183
2019-01-15 14:23:01	1	6184
2019-01-15 14:23:01	1	6185
2019-01-15 14:23:01	1	6186
2019-01-15 14:23:01	0	6188
2019-01-15 14:23:01	1	6189
2019-01-15 14:23:01	0	6190
2019-01-15 14:23:01	1	6191
2019-01-15 14:23:01	1	6192
2019-01-15 14:23:01	1	6193
2019-01-15 14:23:01	1	6194
2019-01-15 14:23:01	1	6195
2019-01-15 14:23:01	0	6196
2019-01-15 14:23:01	0	6197
2019-01-15 14:23:01	0	6198
2019-01-15 14:23:01	1	6199
2019-01-15 14:23:01	1	6200
2019-01-15 14:23:01	1	6201
2019-01-15 14:23:01	1	6202
2019-01-15 14:23:01	1	6203
2019-01-15 14:23:01	0	6204
2019-01-15 14:23:01	0	6205
2019-01-15 14:23:01	1	6206
2019-01-15 14:23:01	1	6207
2019-01-15 14:23:01	1	6208
2019-01-15 14:23:01	0	6209
2019-01-15 14:23:01	1	6210
2019-01-15 14:23:01	1	6211
2019-01-15 14:23:01	1	6212
2019-01-15 14:23:01	1	6213
2019-01-15 14:23:01	0	6214
2019-01-15 14:23:01	1	6215
2019-01-15 14:23:01	1	6216
2019-01-15 14:23:01	1	6217
2019-01-15 14:23:01	0	6218
2019-01-15 14:23:01	1	6219
2019-01-15 14:23:01	0	6220
2019-01-15 14:23:01	0	6221
2019-01-15 14:23:01	0	6222
2019-01-15 14:23:01	0	6223
2019-01-15 14:23:01	0	6224
2019-01-15 14:23:01	1	6225
2019-01-15 14:23:01	1	6226
2019-01-15 14:23:01	0	6227
2019-01-15 14:23:01	0	6228
2019-01-15 14:23:01	0	6229
2019-01-15 14:23:01	1	6230
2019-01-15 14:23:01	1	6231
2019-01-15 14:23:01	1	6232
2019-01-15 14:23:01	1	6233
2019-01-15 14:23:01	1	6234
2019-01-15 14:23:01	1	6235
2019-01-15 14:23:01	1	6236
2019-01-15 14:23:01	0	6237
2019-01-15 14:23:01	0	6238
2019-01-15 14:23:01	0	6239
2019-01-15 14:23:01	1	6240
2019-01-15 14:23:01	1	6241
2019-01-15 14:23:01	1	6242
2019-01-15 14:23:01	0	6244
2019-01-15 14:23:01	1	6246
2019-01-15 14:23:01	0	6247
2019-01-15 14:23:01	1	6248
2019-01-15 14:23:01	0	6249
2019-01-15 14:23:01	1	6250
2019-01-15 14:23:01	1	6251
2019-01-15 14:23:01	1	6252
2019-01-15 14:23:01	1	6253
2019-01-15 14:23:01	0	6254
2019-01-15 14:23:01	0	6255
2019-01-15 14:23:01	0	6256
2019-01-15 14:23:01	1	6257
2019-01-15 14:23:01	0	6258
2019-01-15 14:23:01	1	6259
2019-01-15 14:23:01	1	6260
2019-01-15 14:23:01	1	6261
2019-01-15 14:23:01	0	6262
2019-01-15 14:23:01	0	6263
2019-01-15 14:23:01	0	6264
2019-01-15 14:23:01	1	6265
2019-01-15 14:23:01	1	6266
2019-01-15 14:23:01	1	6267
2019-01-15 14:23:01	1	6268
2019-01-15 14:23:01	0	6269
2019-01-15 14:23:01	1	6270
2019-01-15 14:23:01	0	6271
2019-01-15 14:23:01	1	6272
2019-01-15 14:23:01	0	6273
2019-01-15 14:23:01	0	6274
2019-01-15 14:23:01	0	6275
2019-01-15 14:23:01	1	6278
2019-01-15 14:23:01	0	6279
2019-01-15 14:23:01	0	6280
2019-01-15 14:23:01	0	6281
2019-01-15 14:23:01	1	6282
2019-01-15 14:23:01	0	6283
2019-01-15 14:23:01	1	6284
2019-01-15 14:23:01	0	6285
2019-01-15 14:23:01	1	6286
2019-01-15 14:23:01	1	6287
2019-01-15 14:23:01	0	6288
2019-01-15 14:23:01	1	6289
2019-01-15 14:23:01	1	6290
2019-01-15 14:23:01	1	6292
2019-01-15 14:23:01	1	6293
2019-01-15 14:23:01	1	6294
2019-01-15 14:23:01	1	6295
2019-01-15 14:23:01	1	6296
2019-01-15 14:23:01	1	6297
2019-01-15 14:23:01	0	6298
2019-01-15 14:23:01	0	6302
2019-01-15 14:23:01	0	6304
2019-01-15 14:23:01	0	6305
2019-01-15 14:23:01	0	6306
2019-01-15 14:23:01	0	6307
2019-01-15 14:23:01	1	6308
2019-01-15 14:23:01	1	6309
2019-01-15 14:23:01	1	6310
2019-01-15 14:23:01	1	6312
2019-01-15 14:23:01	1	6320
2019-01-15 14:23:01	1	6321
2019-01-15 14:23:01	1	6322
2019-01-15 14:23:01	1	6323
2019-01-15 14:23:01	1	6324
2019-01-15 14:23:01	1	6325
2019-01-15 14:23:01	1	6350
2019-01-15 14:23:01	1	6351
2019-01-15 14:23:01	1	6352
2019-01-15 14:23:01	1	6358
2019-01-15 14:23:01	1	6359
2019-01-15 14:23:01	1	6360
2019-01-15 14:23:01	1	6361
2019-01-15 14:23:01	1	6362
2019-01-15 14:23:01	1	6372
2019-01-15 14:23:01	0	6373
2019-01-15 14:23:01	1	6374
2019-01-15 14:23:01	0	6375
2019-01-15 14:23:01	0	6376
2019-01-15 14:23:01	1	6377
2019-01-15 14:23:01	1	6380
2019-01-15 14:23:01	0	6381
2019-01-15 14:23:01	0	6382
2019-01-15 14:23:01	0	6383
2019-01-15 14:23:01	0	6384
2019-01-15 14:23:01	0	6385
2019-01-15 14:23:01	0	6386
2019-01-15 14:23:01	0	6387
2019-01-15 14:23:01	0	6388
2019-01-15 14:23:01	0	6389
2019-01-15 14:23:01	1	6390
2019-01-15 14:23:01	0	6391
2019-01-15 14:23:01	0	6393
2019-01-15 14:23:01	0	6394
2019-01-15 14:23:01	1	6395
2019-01-15 14:23:01	1	6396
2019-01-15 14:23:01	0	6398
2019-01-15 14:23:01	1	6399
2019-01-15 14:23:01	1	6400
2019-01-15 14:23:01	1	6401
2019-01-15 14:23:01	1	6403
2019-01-15 14:23:01	1	6404
2019-01-15 14:23:01	0	6405
2019-01-15 14:23:01	1	6406
2019-01-15 14:23:01	1	6408
2019-01-15 14:23:01	1	6409
2019-01-15 14:23:01	0	6410
2019-01-15 14:23:01	0	6411
2019-01-15 14:23:01	1	6412
2019-01-15 14:23:01	1	6413
2019-01-15 14:23:01	1	6414
2019-01-15 14:23:01	1	6415
2019-01-15 14:23:01	1	6416
2019-01-15 14:23:01	1	6417
2019-01-15 14:23:01	0	6418
2019-01-15 14:23:01	1	6419
2019-01-15 14:23:01	1	6420
2019-01-15 14:23:01	1	6421
2019-01-15 14:23:01	1	6422
2019-01-15 14:23:01	1	6423
2019-01-15 14:23:01	0	6424
2019-01-15 14:23:01	1	6425
2019-01-15 14:23:01	1	6426
2019-01-15 14:23:01	1	6427
2019-01-15 14:23:01	1	6428
2019-01-15 14:23:01	1	6429
2019-01-15 14:23:01	0	6430
2019-01-15 14:23:01	1	6431
2019-01-15 14:23:01	1	6432
2019-01-15 14:23:01	1	6433
2019-01-15 14:23:01	0	6434
2019-01-15 14:23:01	1	6435
2019-01-15 14:23:01	0	6436
2019-01-15 14:23:01	1	6437
2019-01-15 14:23:01	1	6438
2019-01-15 14:23:01	1	6439
2019-01-15 14:23:01	0	6442
2019-01-15 14:23:01	0	6443
2019-01-15 14:23:01	1	6445
2019-01-15 14:23:01	1	6453
2019-01-15 14:23:01	0	6454
2019-01-15 14:23:01	0	6455
2019-01-15 14:23:01	0	6456
2019-01-15 14:23:01	0	6465
2019-01-15 14:23:01	1	6466
2019-01-15 14:23:01	1	6467
2019-01-15 14:23:01	0	6468
2019-01-15 14:23:01	1	6469
2019-01-15 14:23:01	0	6470
2019-01-15 14:23:01	0	6471
2019-01-15 14:23:01	0	6472
2019-01-15 14:23:01	1	6474
2019-01-15 14:23:01	1	6482
2019-01-15 14:23:01	1	6483
2019-01-15 14:23:01	1	6484
2019-01-15 14:23:01	1	6485
2019-01-15 14:23:01	1	6486
2019-01-15 14:23:01	1	6487
2019-01-15 14:23:01	1	6488
2019-01-15 14:23:01	1	6489
2019-01-15 14:23:01	0	6490
2019-01-15 14:23:01	0	6491
2019-01-15 14:23:01	1	6492
2019-01-15 14:23:01	1	6493
2019-01-15 14:23:01	1	6495
2019-01-15 14:23:01	1	6496
2019-01-15 14:23:01	1	6517
2019-01-15 14:23:01	1	6518
2019-01-15 14:23:01	0	6519
2019-01-15 14:23:01	0	6520
2019-01-15 14:23:01	0	6521
2019-01-15 14:23:01	1	6522
2019-01-15 14:23:01	1	6523
2019-01-15 14:23:01	1	6524
2019-01-15 14:23:01	1	6525
2019-01-15 14:23:01	0	6533
2019-01-15 14:23:01	0	6534
2019-01-15 14:23:01	0	6535
2019-01-15 14:23:01	1	6536
2019-01-15 14:23:01	1	6538
2019-01-15 14:23:01	0	6541
2019-01-15 14:23:01	0	6542
2019-01-15 14:23:01	1	6543
2019-01-15 14:23:01	0	6544
2019-01-15 14:23:01	1	6545
2019-01-15 14:23:01	0	6554
2019-01-15 14:23:01	1	6555
2019-01-15 14:23:01	0	6556
2019-01-15 14:23:01	0	6558
2019-01-15 14:23:01	1	6568
2019-01-15 14:23:01	1	6569
2019-01-15 14:23:01	1	6570
2019-01-15 14:23:01	1	6571
2019-01-15 14:23:01	0	6573
2019-01-15 14:23:01	1	6580
2019-01-15 14:23:01	1	6581
2019-01-15 14:23:01	1	6582
2019-01-15 14:23:01	1	6583
2019-01-15 14:23:01	1	6584
2019-01-15 14:23:01	1	6585
2019-01-15 14:23:01	1	6586
2019-01-15 14:23:01	1	6587
2019-01-15 14:23:01	1	6588
2019-01-15 14:23:01	0	6589
2019-01-15 14:23:01	0	6590
2019-01-15 14:23:01	1	6603
2019-01-15 14:23:01	0	6604
2019-01-15 14:23:01	0	6605
2019-01-15 14:23:01	1	6606
2019-01-15 14:23:01	0	6607
2019-01-15 14:23:01	0	6608
2019-01-15 14:23:01	0	6609
2019-01-15 14:23:01	1	6610
2019-01-15 14:23:01	1	6611
2019-01-15 14:23:01	1	6612
2019-01-15 14:23:01	0	6613
2019-01-15 14:23:01	1	6614
2019-01-15 14:23:01	1	6615
2019-01-15 14:23:01	1	6616
2019-01-15 14:23:01	1	6617
2019-01-15 14:23:01	1	6618
2019-01-15 14:23:01	0	6619
2019-01-15 14:23:01	0	6620
2019-01-15 14:23:01	1	6621
2019-01-15 14:23:01	0	6622
2019-01-15 14:23:01	0	6623
2019-01-15 14:23:01	0	6625
2019-01-15 14:23:01	0	6626
2019-01-15 14:23:01	0	6627
2019-01-15 14:23:01	1	6629
2019-01-15 14:23:01	0	6630
2019-01-15 14:23:01	0	6631
2019-01-15 14:23:01	0	6632
2019-01-15 14:23:01	1	6633
2019-01-15 14:23:01	1	6634
2019-01-15 14:23:01	1	6635
2019-01-15 14:23:01	0	6638
2019-01-15 14:23:01	1	6639
2019-01-15 14:23:01	1	6640
2019-01-15 14:23:01	0	6641
2019-01-15 14:23:01	0	6642
2019-01-15 14:23:01	1	6643
2019-01-15 14:23:01	1	6644
2019-01-15 14:23:01	0	6645
2019-01-15 14:23:01	1	6646
2019-01-15 14:23:01	0	6647
2019-01-15 14:23:01	1	6648
2019-01-15 14:23:01	0	6649
2019-01-15 14:23:01	0	6650
2019-01-15 14:23:01	0	6652
2019-01-15 14:23:01	0	6655
2019-01-15 14:23:01	1	6656
2019-01-15 14:23:01	1	6657
2019-01-15 14:23:01	0	6660
2019-01-15 14:23:01	0	6661
2019-01-15 14:23:01	1	6662
2019-01-15 14:23:01	0	6664
2019-01-15 14:23:01	1	6665
2019-01-15 14:23:01	0	6666
2019-01-15 14:23:01	0	6667
2019-01-15 14:23:01	1	6668
2019-01-15 14:23:01	0	6669
2019-01-15 14:23:01	1	6675
2019-01-15 14:23:01	1	6676
2019-01-15 14:23:01	1	6677
2019-01-15 14:23:01	1	6678
2019-01-15 14:23:01	0	6679
2019-01-15 14:23:01	1	6680
2019-01-15 14:23:01	0	6695
2019-01-15 14:23:01	1	6699
2019-01-15 14:23:01	1	6700
2019-01-15 14:23:01	1	6701
2019-01-15 14:23:01	1	6702
2019-01-15 14:23:01	0	6703
2019-01-15 14:23:01	1	6706
2019-01-15 14:23:01	1	6707
2019-01-15 14:23:01	1	6708
2019-01-15 14:23:01	0	6709
2019-01-15 14:23:01	1	6710
2019-01-15 14:23:01	1	6753
2019-01-15 14:23:01	1	6754
2019-01-15 14:23:01	1	6755
2019-01-15 14:23:01	1	6756
2019-01-15 14:23:01	1	6757
2019-01-15 14:23:01	0	6758
2019-01-15 14:23:01	0	6759
2019-01-15 14:23:01	0	6760
2019-01-15 14:23:01	0	6761
2019-01-15 14:23:01	1	6820
2019-01-15 14:23:01	1	6821
2019-01-15 14:23:01	1	6823
2019-01-15 14:23:01	1	6824
2019-01-15 14:23:01	1	6825
2019-01-15 14:23:01	1	6826
2019-01-15 14:23:01	1	6828
2019-01-15 14:23:01	1	6829
2019-01-15 14:23:01	1	6830
2019-01-15 14:23:01	1	6831
2019-01-15 14:23:01	0	6832
2019-01-15 14:23:01	1	6833
2019-01-15 14:23:01	1	6834
2019-01-15 14:23:01	1	6835
2019-01-15 14:23:01	0	6836
2019-01-15 14:23:01	1	6837
2019-01-15 14:23:01	1	6838
2019-01-15 14:23:01	1	6839
2019-01-15 14:23:01	0	6840
2019-01-15 14:23:01	1	6841
2019-01-15 14:23:01	0	6842
2019-01-15 14:23:01	1	6844
2019-01-15 14:23:01	1	6845
2019-01-15 14:23:01	1	6846
2019-01-15 14:23:01	1	6847
2019-01-15 14:23:01	0	6848
2019-01-15 14:23:01	1	6849
2019-01-15 14:23:01	1	6850
2019-01-15 14:23:01	1	6854
2019-01-15 14:23:01	1	6855
2019-01-15 14:23:01	0	6856
2019-01-15 14:23:01	1	6859
2019-01-15 14:23:01	1	6860
2019-01-15 14:23:01	1	6861
2019-01-15 14:23:01	0	6862
2019-01-15 14:23:01	1	6863
2019-01-15 14:23:01	1	6864
2019-01-15 14:23:01	1	6865
2019-01-15 14:23:01	1	6866
2019-01-15 14:23:01	1	6867
2019-01-15 14:23:01	1	6868
2019-01-15 14:23:01	1	6869
2019-01-15 14:23:01	1	6870
2019-01-15 14:23:01	1	6871
2019-01-15 14:23:01	1	6872
2019-01-15 14:23:01	1	6873
2019-01-15 14:23:01	1	6874
2019-01-15 14:23:01	1	6875
2019-01-15 14:23:01	1	6876
2019-01-15 14:23:01	0	6877
2019-01-15 14:23:01	1	6878
2019-01-15 14:23:01	1	6879
2019-01-15 14:23:01	1	6882
2019-01-15 14:23:01	1	6883
2019-01-15 14:23:01	1	6884
2019-01-15 14:23:01	1	6885
2019-01-15 14:23:01	1	6886
2019-01-15 14:23:01	1	6887
2019-01-15 14:23:01	1	6888
2019-01-15 14:23:01	1	6889
2019-01-15 14:23:01	1	6890
2019-01-15 14:23:01	1	6892
2019-01-15 14:23:01	1	6893
2019-01-15 14:23:01	1	6894
2019-01-15 14:23:01	1	6895
2019-01-15 14:23:01	1	6896
2019-01-15 14:23:01	1	6897
2019-01-15 14:23:01	1	6898
2019-01-15 14:23:01	0	6899
2019-01-15 14:23:01	1	6900
2019-01-15 14:23:01	1	6901
2019-01-15 14:23:01	1	6902
2019-01-15 14:23:01	1	6903
2019-01-15 14:23:01	1	6904
2019-01-15 14:23:01	1	6905
2019-01-15 14:23:01	1	6906
2019-01-15 14:23:01	1	6907
2019-01-15 14:23:01	1	6908
2019-01-15 14:23:01	1	6909
2019-01-15 14:23:01	1	6910
2019-01-15 14:23:01	1	6919
2019-01-15 14:23:01	1	6920
2019-01-15 14:23:01	1	6921
2019-01-15 14:23:01	1	6922
2019-01-15 14:23:01	1	6923
2019-01-15 14:23:01	1	7049
2019-01-15 14:23:01	0	7052
2019-01-15 14:23:01	0	7053
2019-01-15 14:23:01	0	7055
2019-01-15 14:23:01	1	7059
2019-01-15 14:23:01	1	7060
2019-01-15 14:23:01	0	7062
