Time	Occupied	bay_id
2019-01-19 17:24:01	0	567
2019-01-19 17:24:01	0	568
2019-01-19 17:24:01	0	569
2019-01-19 17:24:01	0	570
2019-01-19 17:24:01	0	571
2019-01-19 17:24:01	0	572
2019-01-19 17:24:01	0	573
2019-01-19 17:24:01	0	574
2019-01-19 17:24:01	0	575
2019-01-19 17:24:01	0	576
2019-01-19 17:24:01	0	577
2019-01-19 17:24:01	1	578
2019-01-19 17:24:01	0	579
2019-01-19 17:24:01	0	580
2019-01-19 17:24:01	0	581
2019-01-19 17:24:01	0	585
2019-01-19 17:24:01	1	586
2019-01-19 17:24:01	0	587
2019-01-19 17:24:01	0	588
2019-01-19 17:24:01	0	589
2019-01-19 17:24:01	0	590
2019-01-19 17:24:01	0	591
2019-01-19 17:24:01	1	592
2019-01-19 17:24:01	1	594
2019-01-19 17:24:01	0	595
2019-01-19 17:24:01	0	604
2019-01-19 17:24:01	1	605
2019-01-19 17:24:01	0	606
2019-01-19 17:24:01	0	607
2019-01-19 17:24:01	0	609
2019-01-19 17:24:01	0	610
2019-01-19 17:24:01	1	623
2019-01-19 17:24:01	1	624
2019-01-19 17:24:01	0	625
2019-01-19 17:24:01	1	626
2019-01-19 17:24:01	0	627
2019-01-19 17:24:01	0	628
2019-01-19 17:24:01	0	630
2019-01-19 17:24:01	0	631
2019-01-19 17:24:01	1	632
2019-01-19 17:24:01	0	633
2019-01-19 17:24:01	0	634
2019-01-19 17:24:01	1	635
2019-01-19 17:24:01	0	637
2019-01-19 17:24:01	1	639
2019-01-19 17:24:01	0	640
2019-01-19 17:24:01	0	641
2019-01-19 17:24:01	0	643
2019-01-19 17:24:01	0	644
2019-01-19 17:24:01	0	645
2019-01-19 17:24:01	0	646
2019-01-19 17:24:01	0	649
2019-01-19 17:24:01	0	650
2019-01-19 17:24:01	0	652
2019-01-19 17:24:01	0	653
2019-01-19 17:24:01	1	654
2019-01-19 17:24:01	0	655
2019-01-19 17:24:01	1	657
2019-01-19 17:24:01	1	658
2019-01-19 17:24:01	0	659
2019-01-19 17:24:01	1	660
2019-01-19 17:24:01	0	661
2019-01-19 17:24:01	0	662
2019-01-19 17:24:01	0	663
2019-01-19 17:24:01	0	673
2019-01-19 17:24:01	0	674
2019-01-19 17:24:01	0	675
2019-01-19 17:24:01	0	676
2019-01-19 17:24:01	0	677
2019-01-19 17:24:01	0	678
2019-01-19 17:24:01	0	679
2019-01-19 17:24:01	0	680
2019-01-19 17:24:01	0	681
2019-01-19 17:24:01	0	682
2019-01-19 17:24:01	0	683
2019-01-19 17:24:01	0	684
2019-01-19 17:24:01	0	685
2019-01-19 17:24:01	1	687
2019-01-19 17:24:01	1	688
2019-01-19 17:24:01	0	690
2019-01-19 17:24:01	1	696
2019-01-19 17:24:01	1	697
2019-01-19 17:24:01	0	698
2019-01-19 17:24:01	0	699
2019-01-19 17:24:01	0	701
2019-01-19 17:24:01	0	702
2019-01-19 17:24:01	0	703
2019-01-19 17:24:01	1	705
2019-01-19 17:24:01	0	706
2019-01-19 17:24:01	1	708
2019-01-19 17:24:01	1	710
2019-01-19 17:24:01	0	712
2019-01-19 17:24:01	0	713
2019-01-19 17:24:01	0	716
2019-01-19 17:24:01	0	718
2019-01-19 17:24:01	0	719
2019-01-19 17:24:01	0	720
2019-01-19 17:24:01	0	721
2019-01-19 17:24:01	0	722
2019-01-19 17:24:01	0	723
2019-01-19 17:24:01	1	724
2019-01-19 17:24:01	0	725
2019-01-19 17:24:01	0	726
2019-01-19 17:24:01	0	727
2019-01-19 17:24:01	0	728
2019-01-19 17:24:01	0	729
2019-01-19 17:24:01	0	730
2019-01-19 17:24:01	0	731
2019-01-19 17:24:01	0	733
2019-01-19 17:24:01	0	734
2019-01-19 17:24:01	0	737
2019-01-19 17:24:01	0	738
2019-01-19 17:24:01	0	739
2019-01-19 17:24:01	0	740
2019-01-19 17:24:01	1	742
2019-01-19 17:24:01	0	743
2019-01-19 17:24:01	1	744
2019-01-19 17:24:01	0	745
2019-01-19 17:24:01	1	746
2019-01-19 17:24:01	1	747
2019-01-19 17:24:01	1	748
2019-01-19 17:24:01	1	749
2019-01-19 17:24:01	1	751
2019-01-19 17:24:01	0	752
2019-01-19 17:24:01	0	753
2019-01-19 17:24:01	1	754
2019-01-19 17:24:01	0	755
2019-01-19 17:24:01	1	756
2019-01-19 17:24:01	1	757
2019-01-19 17:24:01	0	758
2019-01-19 17:24:01	0	759
2019-01-19 17:24:01	0	760
2019-01-19 17:24:01	0	763
2019-01-19 17:24:01	1	764
2019-01-19 17:24:01	1	765
2019-01-19 17:24:01	1	766
2019-01-19 17:24:01	1	767
2019-01-19 17:24:01	1	769
2019-01-19 17:24:01	0	770
2019-01-19 17:24:01	1	771
2019-01-19 17:24:01	0	772
2019-01-19 17:24:01	1	773
2019-01-19 17:24:01	1	775
2019-01-19 17:24:01	1	776
2019-01-19 17:24:01	0	790
2019-01-19 17:24:01	0	791
2019-01-19 17:24:01	1	792
2019-01-19 17:24:01	1	796
2019-01-19 17:24:01	1	797
2019-01-19 17:24:01	0	799
2019-01-19 17:24:01	0	800
2019-01-19 17:24:01	1	801
2019-01-19 17:24:01	1	802
2019-01-19 17:24:01	1	803
2019-01-19 17:24:01	1	804
2019-01-19 17:24:01	1	806
2019-01-19 17:24:01	0	807
2019-01-19 17:24:01	0	808
2019-01-19 17:24:01	0	809
2019-01-19 17:24:01	0	810
2019-01-19 17:24:01	0	811
2019-01-19 17:24:01	0	813
2019-01-19 17:24:01	1	815
2019-01-19 17:24:01	1	822
2019-01-19 17:24:01	1	823
2019-01-19 17:24:01	1	825
2019-01-19 17:24:01	1	826
2019-01-19 17:24:01	1	827
2019-01-19 17:24:01	1	828
2019-01-19 17:24:01	1	829
2019-01-19 17:24:01	0	830
2019-01-19 17:24:01	1	831
2019-01-19 17:24:01	1	833
2019-01-19 17:24:01	1	834
2019-01-19 17:24:01	1	835
2019-01-19 17:24:01	0	836
2019-01-19 17:24:01	1	840
2019-01-19 17:24:01	0	842
2019-01-19 17:24:01	0	843
2019-01-19 17:24:01	0	844
2019-01-19 17:24:01	0	845
2019-01-19 17:24:01	0	846
2019-01-19 17:24:01	0	847
2019-01-19 17:24:01	0	848
2019-01-19 17:24:01	0	850
2019-01-19 17:24:01	0	857
2019-01-19 17:24:01	1	858
2019-01-19 17:24:01	0	862
2019-01-19 17:24:01	1	864
2019-01-19 17:24:01	0	865
2019-01-19 17:24:01	1	867
2019-01-19 17:24:01	1	869
2019-01-19 17:24:01	1	873
2019-01-19 17:24:01	1	874
2019-01-19 17:24:01	1	876
2019-01-19 17:24:01	1	877
2019-01-19 17:24:01	1	878
2019-01-19 17:24:01	0	881
2019-01-19 17:24:01	1	883
2019-01-19 17:24:01	1	884
2019-01-19 17:24:01	1	886
2019-01-19 17:24:01	1	887
2019-01-19 17:24:01	1	888
2019-01-19 17:24:01	0	911
2019-01-19 17:24:01	1	912
2019-01-19 17:24:01	0	913
2019-01-19 17:24:01	1	914
2019-01-19 17:24:01	1	916
2019-01-19 17:24:01	1	917
2019-01-19 17:24:01	0	918
2019-01-19 17:24:01	1	919
2019-01-19 17:24:01	0	927
2019-01-19 17:24:01	0	928
2019-01-19 17:24:01	0	929
2019-01-19 17:24:01	0	930
2019-01-19 17:24:01	0	932
2019-01-19 17:24:01	0	933
2019-01-19 17:24:01	1	934
2019-01-19 17:24:01	1	939
2019-01-19 17:24:01	1	940
2019-01-19 17:24:01	1	941
2019-01-19 17:24:01	1	942
2019-01-19 17:24:01	0	943
2019-01-19 17:24:01	1	944
2019-01-19 17:24:01	1	945
2019-01-19 17:24:01	0	946
2019-01-19 17:24:01	1	947
2019-01-19 17:24:01	1	948
2019-01-19 17:24:01	1	949
2019-01-19 17:24:01	1	950
2019-01-19 17:24:01	1	951
2019-01-19 17:24:01	1	952
2019-01-19 17:24:01	1	953
2019-01-19 17:24:01	1	954
2019-01-19 17:24:01	1	956
2019-01-19 17:24:01	1	957
2019-01-19 17:24:01	1	958
2019-01-19 17:24:01	0	981
2019-01-19 17:24:01	1	982
2019-01-19 17:24:01	0	983
2019-01-19 17:24:01	1	984
2019-01-19 17:24:01	1	985
2019-01-19 17:24:01	0	1005
2019-01-19 17:24:01	1	1006
2019-01-19 17:24:01	1	1007
2019-01-19 17:24:01	1	1009
2019-01-19 17:24:01	0	1011
2019-01-19 17:24:01	1	1012
2019-01-19 17:24:01	1	1013
2019-01-19 17:24:01	1	1015
2019-01-19 17:24:01	0	1022
2019-01-19 17:24:01	0	1023
2019-01-19 17:24:01	0	1024
2019-01-19 17:24:01	0	1025
2019-01-19 17:24:01	0	1026
2019-01-19 17:24:01	1	1027
2019-01-19 17:24:01	0	1028
2019-01-19 17:24:01	0	1029
2019-01-19 17:24:01	0	1030
2019-01-19 17:24:01	1	1031
2019-01-19 17:24:01	1	1032
2019-01-19 17:24:01	0	1033
2019-01-19 17:24:01	0	1034
2019-01-19 17:24:01	0	1035
2019-01-19 17:24:01	0	1036
2019-01-19 17:24:01	1	1037
2019-01-19 17:24:01	0	1038
2019-01-19 17:24:01	1	1039
2019-01-19 17:24:01	0	1040
2019-01-19 17:24:01	0	1041
2019-01-19 17:24:01	0	1053
2019-01-19 17:24:01	1	1055
2019-01-19 17:24:01	0	1057
2019-01-19 17:24:01	0	1058
2019-01-19 17:24:01	1	1060
2019-01-19 17:24:01	1	1063
2019-01-19 17:24:01	1	1067
2019-01-19 17:24:01	0	1070
2019-01-19 17:24:01	1	1087
2019-01-19 17:24:01	0	1088
2019-01-19 17:24:01	1	1089
2019-01-19 17:24:01	0	1090
2019-01-19 17:24:01	0	1091
2019-01-19 17:24:01	0	1092
2019-01-19 17:24:01	0	1094
2019-01-19 17:24:01	1	1095
2019-01-19 17:24:01	1	1096
2019-01-19 17:24:01	0	1097
2019-01-19 17:24:01	0	1098
2019-01-19 17:24:01	0	1099
2019-01-19 17:24:01	0	1100
2019-01-19 17:24:01	1	1101
2019-01-19 17:24:01	1	1102
2019-01-19 17:24:01	0	1103
2019-01-19 17:24:01	1	1105
2019-01-19 17:24:01	0	1106
2019-01-19 17:24:01	0	1107
2019-01-19 17:24:01	1	1108
2019-01-19 17:24:01	0	1109
2019-01-19 17:24:01	0	1110
2019-01-19 17:24:01	0	1111
2019-01-19 17:24:01	1	1112
2019-01-19 17:24:01	0	1113
2019-01-19 17:24:01	1	1114
2019-01-19 17:24:01	0	1116
2019-01-19 17:24:01	1	1118
2019-01-19 17:24:01	0	1119
2019-01-19 17:24:01	0	1120
2019-01-19 17:24:01	0	1122
2019-01-19 17:24:01	0	1123
2019-01-19 17:24:01	0	1124
2019-01-19 17:24:01	1	1125
2019-01-19 17:24:01	0	1126
2019-01-19 17:24:01	0	1127
2019-01-19 17:24:01	0	1129
2019-01-19 17:24:01	0	1133
2019-01-19 17:24:01	0	1134
2019-01-19 17:24:01	0	1137
2019-01-19 17:24:01	0	1138
2019-01-19 17:24:01	0	1139
2019-01-19 17:24:01	0	1140
2019-01-19 17:24:01	0	1141
2019-01-19 17:24:01	0	1142
2019-01-19 17:24:01	0	1143
2019-01-19 17:24:01	0	1144
2019-01-19 17:24:01	0	1145
2019-01-19 17:24:01	0	1146
2019-01-19 17:24:01	0	1147
2019-01-19 17:24:01	1	1148
2019-01-19 17:24:01	0	1149
2019-01-19 17:24:01	0	1150
2019-01-19 17:24:01	0	1151
2019-01-19 17:24:01	0	1153
2019-01-19 17:24:01	0	1154
2019-01-19 17:24:01	0	1155
2019-01-19 17:24:01	0	1156
2019-01-19 17:24:01	0	1157
2019-01-19 17:24:01	1	1158
2019-01-19 17:24:01	1	1159
2019-01-19 17:24:01	1	1161
2019-01-19 17:24:01	0	1162
2019-01-19 17:24:01	0	1163
2019-01-19 17:24:01	0	1164
2019-01-19 17:24:01	0	1260
2019-01-19 17:24:01	0	1264
2019-01-19 17:24:01	0	1265
2019-01-19 17:24:01	0	1266
2019-01-19 17:24:01	0	1268
2019-01-19 17:24:01	1	1269
2019-01-19 17:24:01	0	1270
2019-01-19 17:24:01	0	1271
2019-01-19 17:24:01	0	1272
2019-01-19 17:24:01	0	1274
2019-01-19 17:24:01	1	1275
2019-01-19 17:24:01	0	1276
2019-01-19 17:24:01	0	1277
2019-01-19 17:24:01	0	1278
2019-01-19 17:24:01	0	1279
2019-01-19 17:24:01	0	1280
2019-01-19 17:24:01	0	1283
2019-01-19 17:24:01	0	1285
2019-01-19 17:24:01	0	1287
2019-01-19 17:24:01	0	1291
2019-01-19 17:24:01	0	1293
2019-01-19 17:24:01	1	1297
2019-01-19 17:24:01	0	1298
2019-01-19 17:24:01	1	1300
2019-01-19 17:24:01	0	1304
2019-01-19 17:24:01	0	1305
2019-01-19 17:24:01	0	1307
2019-01-19 17:24:01	1	1313
2019-01-19 17:24:01	0	1315
2019-01-19 17:24:01	0	1316
2019-01-19 17:24:01	0	1318
2019-01-19 17:24:01	0	1321
2019-01-19 17:24:01	0	1322
2019-01-19 17:24:01	0	1324
2019-01-19 17:24:01	0	1325
2019-01-19 17:24:01	0	1326
2019-01-19 17:24:01	0	1327
2019-01-19 17:24:01	0	1328
2019-01-19 17:24:01	0	1329
2019-01-19 17:24:01	0	1330
2019-01-19 17:24:01	1	1338
2019-01-19 17:24:01	0	1348
2019-01-19 17:24:01	0	1350
2019-01-19 17:24:01	0	1352
2019-01-19 17:24:01	0	1353
2019-01-19 17:24:01	0	1354
2019-01-19 17:24:01	0	1356
2019-01-19 17:24:01	1	1358
2019-01-19 17:24:01	1	1359
2019-01-19 17:24:01	0	1398
2019-01-19 17:24:01	0	1399
2019-01-19 17:24:01	0	1400
2019-01-19 17:24:01	0	1407
2019-01-19 17:24:01	1	1410
2019-01-19 17:24:01	1	1411
2019-01-19 17:24:01	1	1412
2019-01-19 17:24:01	0	1413
2019-01-19 17:24:01	0	1414
2019-01-19 17:24:01	0	1415
2019-01-19 17:24:01	0	1416
2019-01-19 17:24:01	0	1417
2019-01-19 17:24:01	0	1419
2019-01-19 17:24:01	0	1427
2019-01-19 17:24:01	0	1428
2019-01-19 17:24:01	0	1429
2019-01-19 17:24:01	0	1452
2019-01-19 17:24:01	1	1453
2019-01-19 17:24:01	0	1454
2019-01-19 17:24:01	0	1470
2019-01-19 17:24:01	0	1471
2019-01-19 17:24:01	0	1472
2019-01-19 17:24:01	0	1473
2019-01-19 17:24:01	1	1474
2019-01-19 17:24:01	1	1475
2019-01-19 17:24:01	0	1495
2019-01-19 17:24:01	1	1496
2019-01-19 17:24:01	0	1497
2019-01-19 17:24:01	0	1501
2019-01-19 17:24:01	0	1503
2019-01-19 17:24:01	1	1504
2019-01-19 17:24:01	0	1528
2019-01-19 17:24:01	0	1530
2019-01-19 17:24:01	0	1531
2019-01-19 17:24:01	0	1532
2019-01-19 17:24:01	1	1535
2019-01-19 17:24:01	0	1536
2019-01-19 17:24:01	0	1537
2019-01-19 17:24:01	0	1538
2019-01-19 17:24:01	1	1539
2019-01-19 17:24:01	1	1540
2019-01-19 17:24:01	1	1541
2019-01-19 17:24:01	0	1542
2019-01-19 17:24:01	1	1543
2019-01-19 17:24:01	1	1544
2019-01-19 17:24:01	0	1545
2019-01-19 17:24:01	1	1586
2019-01-19 17:24:01	1	1588
2019-01-19 17:24:01	0	1589
2019-01-19 17:24:01	0	1591
2019-01-19 17:24:01	0	1592
2019-01-19 17:24:01	0	1593
2019-01-19 17:24:01	0	1597
2019-01-19 17:24:01	0	1615
2019-01-19 17:24:01	0	1647
2019-01-19 17:24:01	0	1648
2019-01-19 17:24:01	0	1652
2019-01-19 17:24:01	1	1653
2019-01-19 17:24:01	1	1654
2019-01-19 17:24:01	1	1655
2019-01-19 17:24:01	0	1657
2019-01-19 17:24:01	1	1658
2019-01-19 17:24:01	1	1659
2019-01-19 17:24:01	0	1674
2019-01-19 17:24:01	1	1678
2019-01-19 17:24:01	1	1681
2019-01-19 17:24:01	1	1683
2019-01-19 17:24:01	0	1684
2019-01-19 17:24:01	0	1685
2019-01-19 17:24:01	0	1686
2019-01-19 17:24:01	1	1687
2019-01-19 17:24:01	1	1688
2019-01-19 17:24:01	0	1689
2019-01-19 17:24:01	0	1690
2019-01-19 17:24:01	1	1693
2019-01-19 17:24:01	0	1696
2019-01-19 17:24:01	0	1697
2019-01-19 17:24:01	0	1702
2019-01-19 17:24:01	0	1704
2019-01-19 17:24:01	0	1728
2019-01-19 17:24:01	1	1729
2019-01-19 17:24:01	1	1730
2019-01-19 17:24:01	1	1731
2019-01-19 17:24:01	0	1732
2019-01-19 17:24:01	1	1733
2019-01-19 17:24:01	1	1734
2019-01-19 17:24:01	1	1735
2019-01-19 17:24:01	1	1736
2019-01-19 17:24:01	1	1738
2019-01-19 17:24:01	1	1739
2019-01-19 17:24:01	0	1741
2019-01-19 17:24:01	0	1744
2019-01-19 17:24:01	0	1745
2019-01-19 17:24:01	0	1747
2019-01-19 17:24:01	0	1748
2019-01-19 17:24:01	0	1749
2019-01-19 17:24:01	1	1750
2019-01-19 17:24:01	0	1751
2019-01-19 17:24:01	1	1752
2019-01-19 17:24:01	0	1753
2019-01-19 17:24:01	1	1755
2019-01-19 17:24:01	1	1757
2019-01-19 17:24:01	1	1759
2019-01-19 17:24:01	1	1761
2019-01-19 17:24:01	1	1762
2019-01-19 17:24:01	1	1763
2019-01-19 17:24:01	1	1764
2019-01-19 17:24:01	1	1766
2019-01-19 17:24:01	0	1767
2019-01-19 17:24:01	1	1769
2019-01-19 17:24:01	0	1770
2019-01-19 17:24:01	1	1771
2019-01-19 17:24:01	1	1772
2019-01-19 17:24:01	0	1789
2019-01-19 17:24:01	0	1790
2019-01-19 17:24:01	0	1797
2019-01-19 17:24:01	0	1798
2019-01-19 17:24:01	0	1799
2019-01-19 17:24:01	0	1800
2019-01-19 17:24:01	0	1827
2019-01-19 17:24:01	1	1828
2019-01-19 17:24:01	1	1829
2019-01-19 17:24:01	0	1830
2019-01-19 17:24:01	0	1834
2019-01-19 17:24:01	0	1835
2019-01-19 17:24:01	0	1836
2019-01-19 17:24:01	1	1841
2019-01-19 17:24:01	1	1843
2019-01-19 17:24:01	1	1844
2019-01-19 17:24:01	1	1845
2019-01-19 17:24:01	0	1847
2019-01-19 17:24:01	0	1848
2019-01-19 17:24:01	1	1850
2019-01-19 17:24:01	1	1851
2019-01-19 17:24:01	0	1852
2019-01-19 17:24:01	1	1853
2019-01-19 17:24:01	0	1854
2019-01-19 17:24:01	0	1855
2019-01-19 17:24:01	0	1856
2019-01-19 17:24:01	0	1857
2019-01-19 17:24:01	0	1858
2019-01-19 17:24:01	1	1859
2019-01-19 17:24:01	0	1860
2019-01-19 17:24:01	0	1861
2019-01-19 17:24:01	0	1862
2019-01-19 17:24:01	1	1863
2019-01-19 17:24:01	1	1864
2019-01-19 17:24:01	1	1866
2019-01-19 17:24:01	0	1867
2019-01-19 17:24:01	0	1868
2019-01-19 17:24:01	0	1870
2019-01-19 17:24:01	0	1873
2019-01-19 17:24:01	0	1875
2019-01-19 17:24:01	1	1890
2019-01-19 17:24:01	1	1891
2019-01-19 17:24:01	0	1895
2019-01-19 17:24:01	0	1896
2019-01-19 17:24:01	0	1897
2019-01-19 17:24:01	0	1899
2019-01-19 17:24:01	0	1900
2019-01-19 17:24:01	0	1901
2019-01-19 17:24:01	1	1919
2019-01-19 17:24:01	1	1920
2019-01-19 17:24:01	0	1922
2019-01-19 17:24:01	0	1951
2019-01-19 17:24:01	1	1952
2019-01-19 17:24:01	0	1954
2019-01-19 17:24:01	1	1955
2019-01-19 17:24:01	1	1956
2019-01-19 17:24:01	1	1957
2019-01-19 17:24:01	0	1958
2019-01-19 17:24:01	0	1959
2019-01-19 17:24:01	0	1961
2019-01-19 17:24:01	0	1964
2019-01-19 17:24:01	0	1965
2019-01-19 17:24:01	0	1966
2019-01-19 17:24:01	0	1967
2019-01-19 17:24:01	0	1978
2019-01-19 17:24:01	1	1979
2019-01-19 17:24:01	0	1980
2019-01-19 17:24:01	1	1981
2019-01-19 17:24:01	1	1983
2019-01-19 17:24:01	1	1984
2019-01-19 17:24:01	1	1988
2019-01-19 17:24:01	1	1990
2019-01-19 17:24:01	1	1992
2019-01-19 17:24:01	0	1994
2019-01-19 17:24:01	0	2006
2019-01-19 17:24:01	0	2016
2019-01-19 17:24:01	0	2018
2019-01-19 17:24:01	0	2019
2019-01-19 17:24:01	0	2020
2019-01-19 17:24:01	0	2022
2019-01-19 17:24:01	0	2023
2019-01-19 17:24:01	0	2024
2019-01-19 17:24:01	0	2025
2019-01-19 17:24:01	0	2026
2019-01-19 17:24:01	1	2027
2019-01-19 17:24:01	0	2029
2019-01-19 17:24:01	0	2030
2019-01-19 17:24:01	0	2031
2019-01-19 17:24:01	0	2032
2019-01-19 17:24:01	0	2033
2019-01-19 17:24:01	0	2034
2019-01-19 17:24:01	0	2035
2019-01-19 17:24:01	0	2036
2019-01-19 17:24:01	0	2037
2019-01-19 17:24:01	0	2038
2019-01-19 17:24:01	0	2040
2019-01-19 17:24:01	0	2041
2019-01-19 17:24:01	0	2043
2019-01-19 17:24:01	1	2044
2019-01-19 17:24:01	0	2045
2019-01-19 17:24:01	1	2060
2019-01-19 17:24:01	1	2097
2019-01-19 17:24:01	0	2098
2019-01-19 17:24:01	1	2099
2019-01-19 17:24:01	0	2100
2019-01-19 17:24:01	0	2101
2019-01-19 17:24:01	1	2130
2019-01-19 17:24:01	0	2143
2019-01-19 17:24:01	0	2145
2019-01-19 17:24:01	1	2146
2019-01-19 17:24:01	1	2155
2019-01-19 17:24:01	0	2158
2019-01-19 17:24:01	1	2159
2019-01-19 17:24:01	0	2170
2019-01-19 17:24:01	0	2172
2019-01-19 17:24:01	0	2174
2019-01-19 17:24:01	0	2188
2019-01-19 17:24:01	0	2189
2019-01-19 17:24:01	0	2190
2019-01-19 17:24:01	0	2191
2019-01-19 17:24:01	1	2192
2019-01-19 17:24:01	0	2194
2019-01-19 17:24:01	1	2195
2019-01-19 17:24:01	1	2196
2019-01-19 17:24:01	0	2197
2019-01-19 17:24:01	0	2199
2019-01-19 17:24:01	0	2201
2019-01-19 17:24:01	0	2204
2019-01-19 17:24:01	0	2229
2019-01-19 17:24:01	0	2230
2019-01-19 17:24:01	0	2232
2019-01-19 17:24:01	0	2235
2019-01-19 17:24:01	0	2237
2019-01-19 17:24:01	0	2238
2019-01-19 17:24:01	1	2240
2019-01-19 17:24:01	0	2242
2019-01-19 17:24:01	0	2244
2019-01-19 17:24:01	0	2246
2019-01-19 17:24:01	0	2247
2019-01-19 17:24:01	1	2248
2019-01-19 17:24:01	0	2249
2019-01-19 17:24:01	0	2250
2019-01-19 17:24:01	0	2251
2019-01-19 17:24:01	0	2252
2019-01-19 17:24:01	0	2253
2019-01-19 17:24:01	0	2255
2019-01-19 17:24:01	0	2262
2019-01-19 17:24:01	0	2264
2019-01-19 17:24:01	1	2287
2019-01-19 17:24:01	1	2288
2019-01-19 17:24:01	0	2289
2019-01-19 17:24:01	0	2290
2019-01-19 17:24:01	0	2292
2019-01-19 17:24:01	0	2293
2019-01-19 17:24:01	0	2294
2019-01-19 17:24:01	1	2297
2019-01-19 17:24:01	1	2299
2019-01-19 17:24:01	0	2300
2019-01-19 17:24:01	1	2301
2019-01-19 17:24:01	0	2302
2019-01-19 17:24:01	1	2305
2019-01-19 17:24:01	1	2306
2019-01-19 17:24:01	0	2307
2019-01-19 17:24:01	1	2308
2019-01-19 17:24:01	0	2310
2019-01-19 17:24:01	0	2311
2019-01-19 17:24:01	0	2312
2019-01-19 17:24:01	0	2313
2019-01-19 17:24:01	0	2314
2019-01-19 17:24:01	1	2315
2019-01-19 17:24:01	0	2316
2019-01-19 17:24:01	0	2318
2019-01-19 17:24:01	1	2321
2019-01-19 17:24:01	1	2322
2019-01-19 17:24:01	1	2323
2019-01-19 17:24:01	1	2324
2019-01-19 17:24:01	1	2325
2019-01-19 17:24:01	1	2326
2019-01-19 17:24:01	1	2327
2019-01-19 17:24:01	1	2328
2019-01-19 17:24:01	1	2340
2019-01-19 17:24:01	0	2341
2019-01-19 17:24:01	0	2361
2019-01-19 17:24:01	0	2363
2019-01-19 17:24:01	0	2364
2019-01-19 17:24:01	0	2365
2019-01-19 17:24:01	0	2366
2019-01-19 17:24:01	0	2367
2019-01-19 17:24:01	0	2368
2019-01-19 17:24:01	0	2369
2019-01-19 17:24:01	0	2370
2019-01-19 17:24:01	0	2371
2019-01-19 17:24:01	0	2372
2019-01-19 17:24:01	0	2373
2019-01-19 17:24:01	1	2374
2019-01-19 17:24:01	0	2376
2019-01-19 17:24:01	0	2378
2019-01-19 17:24:01	0	2379
2019-01-19 17:24:01	0	2381
2019-01-19 17:24:01	0	2408
2019-01-19 17:24:01	0	2409
2019-01-19 17:24:01	0	2410
2019-01-19 17:24:01	0	2411
2019-01-19 17:24:01	0	2412
2019-01-19 17:24:01	0	2414
2019-01-19 17:24:01	0	2415
2019-01-19 17:24:01	0	2417
2019-01-19 17:24:01	0	2418
2019-01-19 17:24:01	0	2419
2019-01-19 17:24:01	0	2420
2019-01-19 17:24:01	0	2421
2019-01-19 17:24:01	0	2422
2019-01-19 17:24:01	0	2447
2019-01-19 17:24:01	1	2448
2019-01-19 17:24:01	0	2449
2019-01-19 17:24:01	1	2450
2019-01-19 17:24:01	1	2451
2019-01-19 17:24:01	0	2452
2019-01-19 17:24:01	1	2454
2019-01-19 17:24:01	1	2456
2019-01-19 17:24:01	1	2457
2019-01-19 17:24:01	0	2458
2019-01-19 17:24:01	1	2459
2019-01-19 17:24:01	1	2460
2019-01-19 17:24:01	1	2473
2019-01-19 17:24:01	1	2480
2019-01-19 17:24:01	1	2481
2019-01-19 17:24:01	1	2483
2019-01-19 17:24:01	1	2484
2019-01-19 17:24:01	1	2490
2019-01-19 17:24:01	0	2491
2019-01-19 17:24:01	1	2492
2019-01-19 17:24:01	1	2493
2019-01-19 17:24:01	1	2494
2019-01-19 17:24:01	0	2495
2019-01-19 17:24:01	1	2496
2019-01-19 17:24:01	1	2497
2019-01-19 17:24:01	1	2499
2019-01-19 17:24:01	0	2501
2019-01-19 17:24:01	1	2504
2019-01-19 17:24:01	0	2506
2019-01-19 17:24:01	1	2510
2019-01-19 17:24:01	1	2512
2019-01-19 17:24:01	1	2514
2019-01-19 17:24:01	1	2518
2019-01-19 17:24:01	1	2525
2019-01-19 17:24:01	1	2527
2019-01-19 17:24:01	0	2558
2019-01-19 17:24:01	0	2560
2019-01-19 17:24:01	0	2563
2019-01-19 17:24:01	0	2564
2019-01-19 17:24:01	0	2567
2019-01-19 17:24:01	0	2569
2019-01-19 17:24:01	0	2570
2019-01-19 17:24:01	0	2572
2019-01-19 17:24:01	0	2573
2019-01-19 17:24:01	0	2582
2019-01-19 17:24:01	0	2583
2019-01-19 17:24:01	0	2585
2019-01-19 17:24:01	0	2586
2019-01-19 17:24:01	0	2589
2019-01-19 17:24:01	1	2627
2019-01-19 17:24:01	0	2630
2019-01-19 17:24:01	1	2631
2019-01-19 17:24:01	1	2632
2019-01-19 17:24:01	0	2633
2019-01-19 17:24:01	0	2637
2019-01-19 17:24:01	1	2639
2019-01-19 17:24:01	0	2641
2019-01-19 17:24:01	0	2642
2019-01-19 17:24:01	0	2643
2019-01-19 17:24:01	1	2644
2019-01-19 17:24:01	0	2646
2019-01-19 17:24:01	1	2647
2019-01-19 17:24:01	0	2648
2019-01-19 17:24:01	0	2649
2019-01-19 17:24:01	1	2651
2019-01-19 17:24:01	1	2652
2019-01-19 17:24:01	1	2653
2019-01-19 17:24:01	1	2655
2019-01-19 17:24:01	1	2657
2019-01-19 17:24:01	1	2658
2019-01-19 17:24:01	1	2659
2019-01-19 17:24:01	1	2661
2019-01-19 17:24:01	1	2662
2019-01-19 17:24:01	0	2663
2019-01-19 17:24:01	1	2664
2019-01-19 17:24:01	1	2665
2019-01-19 17:24:01	1	2667
2019-01-19 17:24:01	1	2670
2019-01-19 17:24:01	1	2671
2019-01-19 17:24:01	0	2672
2019-01-19 17:24:01	1	2673
2019-01-19 17:24:01	1	2674
2019-01-19 17:24:01	1	2675
2019-01-19 17:24:01	1	2677
2019-01-19 17:24:01	1	2678
2019-01-19 17:24:01	0	2679
2019-01-19 17:24:01	1	2680
2019-01-19 17:24:01	0	2681
2019-01-19 17:24:01	1	2682
2019-01-19 17:24:01	1	2684
2019-01-19 17:24:01	1	2685
2019-01-19 17:24:01	1	2686
2019-01-19 17:24:01	0	2687
2019-01-19 17:24:01	1	2688
2019-01-19 17:24:01	0	2690
2019-01-19 17:24:01	0	2691
2019-01-19 17:24:01	0	2694
2019-01-19 17:24:01	0	2696
2019-01-19 17:24:01	0	2698
2019-01-19 17:24:01	0	2700
2019-01-19 17:24:01	0	2706
2019-01-19 17:24:01	0	2714
2019-01-19 17:24:01	0	2715
2019-01-19 17:24:01	0	2717
2019-01-19 17:24:01	0	2718
2019-01-19 17:24:01	1	2726
2019-01-19 17:24:01	0	2727
2019-01-19 17:24:01	0	2731
2019-01-19 17:24:01	0	2732
2019-01-19 17:24:01	1	2733
2019-01-19 17:24:01	1	2734
2019-01-19 17:24:01	1	2735
2019-01-19 17:24:01	1	2736
2019-01-19 17:24:01	0	2738
2019-01-19 17:24:01	1	2745
2019-01-19 17:24:01	0	2747
2019-01-19 17:24:01	0	2748
2019-01-19 17:24:01	0	2749
2019-01-19 17:24:01	0	2750
2019-01-19 17:24:01	0	2751
2019-01-19 17:24:01	0	2753
2019-01-19 17:24:01	0	2754
2019-01-19 17:24:01	0	2887
2019-01-19 17:24:01	1	2888
2019-01-19 17:24:01	1	2889
2019-01-19 17:24:01	0	2890
2019-01-19 17:24:01	0	2891
2019-01-19 17:24:01	0	2892
2019-01-19 17:24:01	0	2893
2019-01-19 17:24:01	0	2896
2019-01-19 17:24:01	0	2897
2019-01-19 17:24:01	0	2898
2019-01-19 17:24:01	0	2899
2019-01-19 17:24:01	0	2900
2019-01-19 17:24:01	0	2901
2019-01-19 17:24:01	0	2902
2019-01-19 17:24:01	0	2903
2019-01-19 17:24:01	0	2904
2019-01-19 17:24:01	0	2905
2019-01-19 17:24:01	0	2906
2019-01-19 17:24:01	0	2907
2019-01-19 17:24:01	0	2908
2019-01-19 17:24:01	0	2909
2019-01-19 17:24:01	0	2910
2019-01-19 17:24:01	0	2911
2019-01-19 17:24:01	0	2912
2019-01-19 17:24:01	0	2913
2019-01-19 17:24:01	0	2914
2019-01-19 17:24:01	1	2915
2019-01-19 17:24:01	0	2918
2019-01-19 17:24:01	0	2919
2019-01-19 17:24:01	0	2921
2019-01-19 17:24:01	0	2922
2019-01-19 17:24:01	0	2924
2019-01-19 17:24:01	0	2925
2019-01-19 17:24:01	0	2927
2019-01-19 17:24:01	0	2928
2019-01-19 17:24:01	0	2929
2019-01-19 17:24:01	0	2930
2019-01-19 17:24:01	1	2932
2019-01-19 17:24:01	1	2934
2019-01-19 17:24:01	0	2936
2019-01-19 17:24:01	0	3000
2019-01-19 17:24:01	1	3001
2019-01-19 17:24:01	1	3002
2019-01-19 17:24:01	1	3004
2019-01-19 17:24:01	1	3005
2019-01-19 17:24:01	0	3006
2019-01-19 17:24:01	0	3007
2019-01-19 17:24:01	1	3008
2019-01-19 17:24:01	0	3009
2019-01-19 17:24:01	0	3010
2019-01-19 17:24:01	1	3011
2019-01-19 17:24:01	0	3012
2019-01-19 17:24:01	1	3013
2019-01-19 17:24:01	1	3014
2019-01-19 17:24:01	0	3015
2019-01-19 17:24:01	1	3016
2019-01-19 17:24:01	1	3018
2019-01-19 17:24:01	1	3019
2019-01-19 17:24:01	1	3020
2019-01-19 17:24:01	0	3023
2019-01-19 17:24:01	0	3025
2019-01-19 17:24:01	0	3027
2019-01-19 17:24:01	1	3028
2019-01-19 17:24:01	1	3030
2019-01-19 17:24:01	1	3031
2019-01-19 17:24:01	1	3032
2019-01-19 17:24:01	1	3033
2019-01-19 17:24:01	1	3034
2019-01-19 17:24:01	1	3037
2019-01-19 17:24:01	1	3039
2019-01-19 17:24:01	0	3040
2019-01-19 17:24:01	0	3041
2019-01-19 17:24:01	0	3044
2019-01-19 17:24:01	1	3045
2019-01-19 17:24:01	0	3046
2019-01-19 17:24:01	1	3047
2019-01-19 17:24:01	0	3048
2019-01-19 17:24:01	1	3049
2019-01-19 17:24:01	0	3050
2019-01-19 17:24:01	1	3051
2019-01-19 17:24:01	0	3058
2019-01-19 17:24:01	0	3059
2019-01-19 17:24:01	1	3060
2019-01-19 17:24:01	1	3062
2019-01-19 17:24:01	1	3063
2019-01-19 17:24:01	1	3064
2019-01-19 17:24:01	1	3065
2019-01-19 17:24:01	0	3066
2019-01-19 17:24:01	0	3067
2019-01-19 17:24:01	1	3076
2019-01-19 17:24:01	0	3081
2019-01-19 17:24:01	0	3085
2019-01-19 17:24:01	0	3086
2019-01-19 17:24:01	1	3087
2019-01-19 17:24:01	0	3089
2019-01-19 17:24:01	1	3090
2019-01-19 17:24:01	0	3091
2019-01-19 17:24:01	0	3092
2019-01-19 17:24:01	1	3095
2019-01-19 17:24:01	0	3096
2019-01-19 17:24:01	0	3098
2019-01-19 17:24:01	0	3100
2019-01-19 17:24:01	0	3102
2019-01-19 17:24:01	1	3103
2019-01-19 17:24:01	1	3104
2019-01-19 17:24:01	1	3107
2019-01-19 17:24:01	1	3108
2019-01-19 17:24:01	1	3109
2019-01-19 17:24:01	1	3110
2019-01-19 17:24:01	1	3111
2019-01-19 17:24:01	1	3112
2019-01-19 17:24:01	0	3113
2019-01-19 17:24:01	0	3114
2019-01-19 17:24:01	1	3115
2019-01-19 17:24:01	1	3116
2019-01-19 17:24:01	1	3117
2019-01-19 17:24:01	1	3118
2019-01-19 17:24:01	1	3119
2019-01-19 17:24:01	1	3121
2019-01-19 17:24:01	0	3122
2019-01-19 17:24:01	1	3123
2019-01-19 17:24:01	1	3124
2019-01-19 17:24:01	1	3125
2019-01-19 17:24:01	1	3133
2019-01-19 17:24:01	0	3135
2019-01-19 17:24:01	0	3136
2019-01-19 17:24:01	1	3138
2019-01-19 17:24:01	1	3139
2019-01-19 17:24:01	1	3140
2019-01-19 17:24:01	0	3143
2019-01-19 17:24:01	0	3144
2019-01-19 17:24:01	0	3146
2019-01-19 17:24:01	0	3147
2019-01-19 17:24:01	1	3148
2019-01-19 17:24:01	0	3149
2019-01-19 17:24:01	0	3150
2019-01-19 17:24:01	1	3151
2019-01-19 17:24:01	0	3157
2019-01-19 17:24:01	1	3161
2019-01-19 17:24:01	0	3171
2019-01-19 17:24:01	0	3175
2019-01-19 17:24:01	0	3176
2019-01-19 17:24:01	0	3177
2019-01-19 17:24:01	0	3181
2019-01-19 17:24:01	1	3182
2019-01-19 17:24:01	1	3194
2019-01-19 17:24:01	0	3203
2019-01-19 17:24:01	0	3206
2019-01-19 17:24:01	0	3207
2019-01-19 17:24:01	0	3208
2019-01-19 17:24:01	0	3209
2019-01-19 17:24:01	0	3212
2019-01-19 17:24:01	0	3213
2019-01-19 17:24:01	0	3215
2019-01-19 17:24:01	0	3216
2019-01-19 17:24:01	0	3217
2019-01-19 17:24:01	0	3218
2019-01-19 17:24:01	0	3219
2019-01-19 17:24:01	0	3220
2019-01-19 17:24:01	0	3223
2019-01-19 17:24:01	0	3226
2019-01-19 17:24:01	1	3227
2019-01-19 17:24:01	0	3228
2019-01-19 17:24:01	0	3229
2019-01-19 17:24:01	0	3231
2019-01-19 17:24:01	0	3251
2019-01-19 17:24:01	1	3252
2019-01-19 17:24:01	1	3253
2019-01-19 17:24:01	0	3254
2019-01-19 17:24:01	0	3255
2019-01-19 17:24:01	1	3256
2019-01-19 17:24:01	0	3257
2019-01-19 17:24:01	1	3259
2019-01-19 17:24:01	0	3261
2019-01-19 17:24:01	0	3263
2019-01-19 17:24:01	0	3264
2019-01-19 17:24:01	0	3265
2019-01-19 17:24:01	0	3267
2019-01-19 17:24:01	0	3268
2019-01-19 17:24:01	0	3269
2019-01-19 17:24:01	0	3271
2019-01-19 17:24:01	0	3273
2019-01-19 17:24:01	0	3274
2019-01-19 17:24:01	0	3275
2019-01-19 17:24:01	1	3276
2019-01-19 17:24:01	1	3277
2019-01-19 17:24:01	0	3278
2019-01-19 17:24:01	0	3279
2019-01-19 17:24:01	0	3281
2019-01-19 17:24:01	0	3282
2019-01-19 17:24:01	0	3283
2019-01-19 17:24:01	1	3284
2019-01-19 17:24:01	0	3285
2019-01-19 17:24:01	1	3304
2019-01-19 17:24:01	0	3306
2019-01-19 17:24:01	0	3308
2019-01-19 17:24:01	1	3310
2019-01-19 17:24:01	0	3312
2019-01-19 17:24:01	0	3314
2019-01-19 17:24:01	1	3318
2019-01-19 17:24:01	1	3320
2019-01-19 17:24:01	1	3328
2019-01-19 17:24:01	1	3330
2019-01-19 17:24:01	0	3334
2019-01-19 17:24:01	0	3338
2019-01-19 17:24:01	0	3343
2019-01-19 17:24:01	0	3344
2019-01-19 17:24:01	1	3345
2019-01-19 17:24:01	1	3346
2019-01-19 17:24:01	0	3347
2019-01-19 17:24:01	0	3348
2019-01-19 17:24:01	0	3350
2019-01-19 17:24:01	0	3351
2019-01-19 17:24:01	0	3352
2019-01-19 17:24:01	0	3353
2019-01-19 17:24:01	1	3354
2019-01-19 17:24:01	1	3355
2019-01-19 17:24:01	0	3356
2019-01-19 17:24:01	1	3360
2019-01-19 17:24:01	0	3364
2019-01-19 17:24:01	0	3365
2019-01-19 17:24:01	0	3366
2019-01-19 17:24:01	0	3367
2019-01-19 17:24:01	0	3368
2019-01-19 17:24:01	0	3371
2019-01-19 17:24:01	1	3374
2019-01-19 17:24:01	0	3375
2019-01-19 17:24:01	1	3376
2019-01-19 17:24:01	0	3380
2019-01-19 17:24:01	0	3381
2019-01-19 17:24:01	0	3382
2019-01-19 17:24:01	0	3384
2019-01-19 17:24:01	1	3385
2019-01-19 17:24:01	0	3386
2019-01-19 17:24:01	0	3387
2019-01-19 17:24:01	0	3388
2019-01-19 17:24:01	1	3389
2019-01-19 17:24:01	0	3391
2019-01-19 17:24:01	0	3393
2019-01-19 17:24:01	0	3394
2019-01-19 17:24:01	1	3395
2019-01-19 17:24:01	0	3397
2019-01-19 17:24:01	0	3398
2019-01-19 17:24:01	1	3400
2019-01-19 17:24:01	0	3401
2019-01-19 17:24:01	0	3403
2019-01-19 17:24:01	1	3404
2019-01-19 17:24:01	1	3405
2019-01-19 17:24:01	1	3408
2019-01-19 17:24:01	1	3410
2019-01-19 17:24:01	0	3414
2019-01-19 17:24:01	1	3416
2019-01-19 17:24:01	0	3418
2019-01-19 17:24:01	0	3471
2019-01-19 17:24:01	0	3473
2019-01-19 17:24:01	1	3476
2019-01-19 17:24:01	1	3477
2019-01-19 17:24:01	1	3489
2019-01-19 17:24:01	0	3490
2019-01-19 17:24:01	0	3491
2019-01-19 17:24:01	0	3492
2019-01-19 17:24:01	1	3493
2019-01-19 17:24:01	1	3494
2019-01-19 17:24:01	0	3495
2019-01-19 17:24:01	1	3496
2019-01-19 17:24:01	1	3500
2019-01-19 17:24:01	0	3506
2019-01-19 17:24:01	1	3508
2019-01-19 17:24:01	0	3509
2019-01-19 17:24:01	1	3510
2019-01-19 17:24:01	0	3511
2019-01-19 17:24:01	0	3512
2019-01-19 17:24:01	0	3513
2019-01-19 17:24:01	0	3514
2019-01-19 17:24:01	0	3515
2019-01-19 17:24:01	1	3516
2019-01-19 17:24:01	0	3526
2019-01-19 17:24:01	0	3527
2019-01-19 17:24:01	0	3528
2019-01-19 17:24:01	0	3529
2019-01-19 17:24:01	0	3530
2019-01-19 17:24:01	0	3531
2019-01-19 17:24:01	1	3532
2019-01-19 17:24:01	0	3533
2019-01-19 17:24:01	0	3534
2019-01-19 17:24:01	1	3535
2019-01-19 17:24:01	0	3537
2019-01-19 17:24:01	1	3538
2019-01-19 17:24:01	0	3539
2019-01-19 17:24:01	0	3541
2019-01-19 17:24:01	0	3542
2019-01-19 17:24:01	0	3543
2019-01-19 17:24:01	0	3544
2019-01-19 17:24:01	0	3545
2019-01-19 17:24:01	1	3546
2019-01-19 17:24:01	0	3547
2019-01-19 17:24:01	0	3548
2019-01-19 17:24:01	0	3549
2019-01-19 17:24:01	0	3550
2019-01-19 17:24:01	1	3551
2019-01-19 17:24:01	0	3552
2019-01-19 17:24:01	0	3553
2019-01-19 17:24:01	1	3554
2019-01-19 17:24:01	0	3555
2019-01-19 17:24:01	1	3556
2019-01-19 17:24:01	0	3557
2019-01-19 17:24:01	1	3558
2019-01-19 17:24:01	0	3560
2019-01-19 17:24:01	0	3562
2019-01-19 17:24:01	0	3563
2019-01-19 17:24:01	0	3565
2019-01-19 17:24:01	0	3566
2019-01-19 17:24:01	0	3567
2019-01-19 17:24:01	0	3568
2019-01-19 17:24:01	0	3570
2019-01-19 17:24:01	1	3571
2019-01-19 17:24:01	1	3572
2019-01-19 17:24:01	0	3573
2019-01-19 17:24:01	1	3574
2019-01-19 17:24:01	1	3575
2019-01-19 17:24:01	1	3580
2019-01-19 17:24:01	1	3583
2019-01-19 17:24:01	0	3585
2019-01-19 17:24:01	1	3586
2019-01-19 17:24:01	1	3588
2019-01-19 17:24:01	0	3591
2019-01-19 17:24:01	0	3592
2019-01-19 17:24:01	1	3593
2019-01-19 17:24:01	1	3594
2019-01-19 17:24:01	1	3596
2019-01-19 17:24:01	1	3598
2019-01-19 17:24:01	1	3599
2019-01-19 17:24:01	1	3600
2019-01-19 17:24:01	0	3601
2019-01-19 17:24:01	1	3602
2019-01-19 17:24:01	0	3604
2019-01-19 17:24:01	1	3606
2019-01-19 17:24:01	1	3615
2019-01-19 17:24:01	1	3617
2019-01-19 17:24:01	1	3619
2019-01-19 17:24:01	0	3620
2019-01-19 17:24:01	1	3622
2019-01-19 17:24:01	0	3623
2019-01-19 17:24:01	0	3624
2019-01-19 17:24:01	1	3625
2019-01-19 17:24:01	0	3626
2019-01-19 17:24:01	0	3628
2019-01-19 17:24:01	0	3629
2019-01-19 17:24:01	0	3630
2019-01-19 17:24:01	0	3631
2019-01-19 17:24:01	0	3632
2019-01-19 17:24:01	0	3633
2019-01-19 17:24:01	0	3634
2019-01-19 17:24:01	0	3635
2019-01-19 17:24:01	0	3636
2019-01-19 17:24:01	0	3637
2019-01-19 17:24:01	0	3638
2019-01-19 17:24:01	0	3640
2019-01-19 17:24:01	1	3642
2019-01-19 17:24:01	1	3661
2019-01-19 17:24:01	1	3665
2019-01-19 17:24:01	0	3669
2019-01-19 17:24:01	1	3671
2019-01-19 17:24:01	1	3673
2019-01-19 17:24:01	0	3676
2019-01-19 17:24:01	1	3678
2019-01-19 17:24:01	0	3682
2019-01-19 17:24:01	0	3684
2019-01-19 17:24:01	0	3688
2019-01-19 17:24:01	0	3690
2019-01-19 17:24:01	0	3694
2019-01-19 17:24:01	1	3696
2019-01-19 17:24:01	0	3699
2019-01-19 17:24:01	1	3700
2019-01-19 17:24:01	1	3701
2019-01-19 17:24:01	0	3702
2019-01-19 17:24:01	0	3703
2019-01-19 17:24:01	0	3704
2019-01-19 17:24:01	0	3705
2019-01-19 17:24:01	0	3706
2019-01-19 17:24:01	0	3707
2019-01-19 17:24:01	1	3708
2019-01-19 17:24:01	1	3709
2019-01-19 17:24:01	1	3710
2019-01-19 17:24:01	1	3711
2019-01-19 17:24:01	0	3713
2019-01-19 17:24:01	0	3717
2019-01-19 17:24:01	0	3719
2019-01-19 17:24:01	1	3720
2019-01-19 17:24:01	0	3721
2019-01-19 17:24:01	0	3722
2019-01-19 17:24:01	0	3723
2019-01-19 17:24:01	0	3724
2019-01-19 17:24:01	0	3725
2019-01-19 17:24:01	0	3727
2019-01-19 17:24:01	0	3730
2019-01-19 17:24:01	0	3758
2019-01-19 17:24:01	0	3759
2019-01-19 17:24:01	1	3760
2019-01-19 17:24:01	0	3764
2019-01-19 17:24:01	0	3765
2019-01-19 17:24:01	0	3766
2019-01-19 17:24:01	0	3768
2019-01-19 17:24:01	0	3769
2019-01-19 17:24:01	0	3770
2019-01-19 17:24:01	0	3771
2019-01-19 17:24:01	1	3772
2019-01-19 17:24:01	1	3857
2019-01-19 17:24:01	0	3858
2019-01-19 17:24:01	0	3859
2019-01-19 17:24:01	0	3860
2019-01-19 17:24:01	0	3861
2019-01-19 17:24:01	1	3862
2019-01-19 17:24:01	0	3864
2019-01-19 17:24:01	1	3866
2019-01-19 17:24:01	0	3867
2019-01-19 17:24:01	1	3868
2019-01-19 17:24:01	0	3869
2019-01-19 17:24:01	0	3870
2019-01-19 17:24:01	0	3871
2019-01-19 17:24:01	0	3872
2019-01-19 17:24:01	0	3873
2019-01-19 17:24:01	0	3874
2019-01-19 17:24:01	0	3875
2019-01-19 17:24:01	0	3876
2019-01-19 17:24:01	0	3877
2019-01-19 17:24:01	1	3878
2019-01-19 17:24:01	0	3879
2019-01-19 17:24:01	0	3880
2019-01-19 17:24:01	0	3882
2019-01-19 17:24:01	0	3883
2019-01-19 17:24:01	0	3884
2019-01-19 17:24:01	0	3885
2019-01-19 17:24:01	0	3886
2019-01-19 17:24:01	0	3887
2019-01-19 17:24:01	0	3888
2019-01-19 17:24:01	0	3889
2019-01-19 17:24:01	1	3890
2019-01-19 17:24:01	0	3891
2019-01-19 17:24:01	1	3892
2019-01-19 17:24:01	1	3893
2019-01-19 17:24:01	1	3894
2019-01-19 17:24:01	1	3895
2019-01-19 17:24:01	1	3896
2019-01-19 17:24:01	1	3897
2019-01-19 17:24:01	1	3898
2019-01-19 17:24:01	1	3899
2019-01-19 17:24:01	1	3900
2019-01-19 17:24:01	1	3906
2019-01-19 17:24:01	1	3907
2019-01-19 17:24:01	1	3908
2019-01-19 17:24:01	1	3909
2019-01-19 17:24:01	1	3910
2019-01-19 17:24:01	1	3911
2019-01-19 17:24:01	1	3912
2019-01-19 17:24:01	1	3914
2019-01-19 17:24:01	1	3915
2019-01-19 17:24:01	1	3917
2019-01-19 17:24:01	1	3919
2019-01-19 17:24:01	0	3921
2019-01-19 17:24:01	1	3922
2019-01-19 17:24:01	1	3923
2019-01-19 17:24:01	1	3924
2019-01-19 17:24:01	1	3925
2019-01-19 17:24:01	1	3926
2019-01-19 17:24:01	1	3928
2019-01-19 17:24:01	0	3929
2019-01-19 17:24:01	1	3930
2019-01-19 17:24:01	1	3931
2019-01-19 17:24:01	1	3932
2019-01-19 17:24:01	1	3933
2019-01-19 17:24:01	0	3934
2019-01-19 17:24:01	1	3935
2019-01-19 17:24:01	1	3936
2019-01-19 17:24:01	0	3937
2019-01-19 17:24:01	1	3938
2019-01-19 17:24:01	1	3939
2019-01-19 17:24:01	1	3940
2019-01-19 17:24:01	1	3941
2019-01-19 17:24:01	1	3942
2019-01-19 17:24:01	1	3943
2019-01-19 17:24:01	1	3944
2019-01-19 17:24:01	0	3945
2019-01-19 17:24:01	1	3947
2019-01-19 17:24:01	1	3950
2019-01-19 17:24:01	1	3951
2019-01-19 17:24:01	0	3952
2019-01-19 17:24:01	1	3954
2019-01-19 17:24:01	0	3956
2019-01-19 17:24:01	0	3959
2019-01-19 17:24:01	0	3960
2019-01-19 17:24:01	0	3961
2019-01-19 17:24:01	1	3966
2019-01-19 17:24:01	1	3968
2019-01-19 17:24:01	0	3969
2019-01-19 17:24:01	1	3970
2019-01-19 17:24:01	1	3974
2019-01-19 17:24:01	1	3975
2019-01-19 17:24:01	1	3976
2019-01-19 17:24:01	1	3977
2019-01-19 17:24:01	1	3978
2019-01-19 17:24:01	1	3979
2019-01-19 17:24:01	1	3981
2019-01-19 17:24:01	1	3982
2019-01-19 17:24:01	1	3983
2019-01-19 17:24:01	0	3984
2019-01-19 17:24:01	0	3986
2019-01-19 17:24:01	0	3987
2019-01-19 17:24:01	1	3988
2019-01-19 17:24:01	0	3989
2019-01-19 17:24:01	1	3992
2019-01-19 17:24:01	0	3993
2019-01-19 17:24:01	1	3994
2019-01-19 17:24:01	1	3995
2019-01-19 17:24:01	0	3996
2019-01-19 17:24:01	1	3997
2019-01-19 17:24:01	0	3998
2019-01-19 17:24:01	1	3999
2019-01-19 17:24:01	0	4000
2019-01-19 17:24:01	0	4001
2019-01-19 17:24:01	0	4002
2019-01-19 17:24:01	0	4003
2019-01-19 17:24:01	0	4005
2019-01-19 17:24:01	0	4006
2019-01-19 17:24:01	0	4007
2019-01-19 17:24:01	0	4008
2019-01-19 17:24:01	0	4009
2019-01-19 17:24:01	1	4010
2019-01-19 17:24:01	1	4011
2019-01-19 17:24:01	0	4012
2019-01-19 17:24:01	1	4013
2019-01-19 17:24:01	0	4014
2019-01-19 17:24:01	1	4015
2019-01-19 17:24:01	1	4017
2019-01-19 17:24:01	0	4018
2019-01-19 17:24:01	1	4019
2019-01-19 17:24:01	0	4020
2019-01-19 17:24:01	0	4021
2019-01-19 17:24:01	0	4023
2019-01-19 17:24:01	1	4025
2019-01-19 17:24:01	0	4027
2019-01-19 17:24:01	0	4029
2019-01-19 17:24:01	0	4030
2019-01-19 17:24:01	0	4031
2019-01-19 17:24:01	1	4032
2019-01-19 17:24:01	0	4033
2019-01-19 17:24:01	0	4035
2019-01-19 17:24:01	0	4036
2019-01-19 17:24:01	1	4037
2019-01-19 17:24:01	0	4038
2019-01-19 17:24:01	0	4039
2019-01-19 17:24:01	0	4040
2019-01-19 17:24:01	0	4041
2019-01-19 17:24:01	0	4042
2019-01-19 17:24:01	0	4043
2019-01-19 17:24:01	0	4046
2019-01-19 17:24:01	0	4047
2019-01-19 17:24:01	0	4048
2019-01-19 17:24:01	0	4049
2019-01-19 17:24:01	0	4050
2019-01-19 17:24:01	0	4051
2019-01-19 17:24:01	0	4052
2019-01-19 17:24:01	0	4053
2019-01-19 17:24:01	0	4054
2019-01-19 17:24:01	0	4055
2019-01-19 17:24:01	0	4057
2019-01-19 17:24:01	0	4058
2019-01-19 17:24:01	0	4059
2019-01-19 17:24:01	0	4060
2019-01-19 17:24:01	0	4061
2019-01-19 17:24:01	0	4062
2019-01-19 17:24:01	0	4063
2019-01-19 17:24:01	0	4064
2019-01-19 17:24:01	0	4066
2019-01-19 17:24:01	0	4067
2019-01-19 17:24:01	0	4068
2019-01-19 17:24:01	0	4069
2019-01-19 17:24:01	0	4070
2019-01-19 17:24:01	0	4071
2019-01-19 17:24:01	1	4083
2019-01-19 17:24:01	0	4084
2019-01-19 17:24:01	1	4085
2019-01-19 17:24:01	0	4086
2019-01-19 17:24:01	1	4087
2019-01-19 17:24:01	0	4088
2019-01-19 17:24:01	1	4090
2019-01-19 17:24:01	1	4091
2019-01-19 17:24:01	0	4101
2019-01-19 17:24:01	1	4104
2019-01-19 17:24:01	0	4105
2019-01-19 17:24:01	1	4106
2019-01-19 17:24:01	1	4109
2019-01-19 17:24:01	0	4110
2019-01-19 17:24:01	0	4111
2019-01-19 17:24:01	0	4112
2019-01-19 17:24:01	1	4116
2019-01-19 17:24:01	0	4117
2019-01-19 17:24:01	0	4118
2019-01-19 17:24:01	1	4119
2019-01-19 17:24:01	1	4120
2019-01-19 17:24:01	1	4121
2019-01-19 17:24:01	1	4122
2019-01-19 17:24:01	0	4123
2019-01-19 17:24:01	0	4125
2019-01-19 17:24:01	0	4126
2019-01-19 17:24:01	0	4128
2019-01-19 17:24:01	1	4129
2019-01-19 17:24:01	0	4130
2019-01-19 17:24:01	0	4131
2019-01-19 17:24:01	0	4171
2019-01-19 17:24:01	1	4172
2019-01-19 17:24:01	1	4173
2019-01-19 17:24:01	1	4174
2019-01-19 17:24:01	1	4176
2019-01-19 17:24:01	1	4177
2019-01-19 17:24:01	1	4178
2019-01-19 17:24:01	1	4179
2019-01-19 17:24:01	1	4180
2019-01-19 17:24:01	1	4181
2019-01-19 17:24:01	1	4182
2019-01-19 17:24:01	1	4183
2019-01-19 17:24:01	1	4184
2019-01-19 17:24:01	1	4185
2019-01-19 17:24:01	1	4188
2019-01-19 17:24:01	1	4189
2019-01-19 17:24:01	1	4190
2019-01-19 17:24:01	1	4192
2019-01-19 17:24:01	1	4193
2019-01-19 17:24:01	0	4195
2019-01-19 17:24:01	0	4197
2019-01-19 17:24:01	0	4198
2019-01-19 17:24:01	1	4200
2019-01-19 17:24:01	0	4201
2019-01-19 17:24:01	0	4202
2019-01-19 17:24:01	0	4204
2019-01-19 17:24:01	0	4205
2019-01-19 17:24:01	0	4206
2019-01-19 17:24:01	0	4207
2019-01-19 17:24:01	0	4208
2019-01-19 17:24:01	0	4209
2019-01-19 17:24:01	1	4212
2019-01-19 17:24:01	0	4214
2019-01-19 17:24:01	0	4216
2019-01-19 17:24:01	1	4220
2019-01-19 17:24:01	0	4222
2019-01-19 17:24:01	0	4224
2019-01-19 17:24:01	0	4228
2019-01-19 17:24:01	1	4233
2019-01-19 17:24:01	0	4234
2019-01-19 17:24:01	1	4235
2019-01-19 17:24:01	0	4236
2019-01-19 17:24:01	1	4237
2019-01-19 17:24:01	0	4238
2019-01-19 17:24:01	0	4239
2019-01-19 17:24:01	0	4240
2019-01-19 17:24:01	0	4241
2019-01-19 17:24:01	0	4242
2019-01-19 17:24:01	0	4244
2019-01-19 17:24:01	0	4245
2019-01-19 17:24:01	0	4246
2019-01-19 17:24:01	0	4247
2019-01-19 17:24:01	0	4248
2019-01-19 17:24:01	0	4249
2019-01-19 17:24:01	0	4251
2019-01-19 17:24:01	0	4252
2019-01-19 17:24:01	0	4253
2019-01-19 17:24:01	0	4254
2019-01-19 17:24:01	0	4256
2019-01-19 17:24:01	0	4257
2019-01-19 17:24:01	1	4258
2019-01-19 17:24:01	0	4259
2019-01-19 17:24:01	0	4260
2019-01-19 17:24:01	0	4261
2019-01-19 17:24:01	0	4262
2019-01-19 17:24:01	0	4263
2019-01-19 17:24:01	0	4265
2019-01-19 17:24:01	0	4266
2019-01-19 17:24:01	0	4267
2019-01-19 17:24:01	0	4268
2019-01-19 17:24:01	0	4269
2019-01-19 17:24:01	0	4270
2019-01-19 17:24:01	0	4271
2019-01-19 17:24:01	0	4272
2019-01-19 17:24:01	0	4273
2019-01-19 17:24:01	0	4274
2019-01-19 17:24:01	0	4275
2019-01-19 17:24:01	0	4276
2019-01-19 17:24:01	0	4277
2019-01-19 17:24:01	0	4278
2019-01-19 17:24:01	0	4279
2019-01-19 17:24:01	0	4281
2019-01-19 17:24:01	0	4282
2019-01-19 17:24:01	0	4283
2019-01-19 17:24:01	0	4284
2019-01-19 17:24:01	0	4285
2019-01-19 17:24:01	0	4286
2019-01-19 17:24:01	0	4287
2019-01-19 17:24:01	0	4288
2019-01-19 17:24:01	0	4289
2019-01-19 17:24:01	0	4290
2019-01-19 17:24:01	0	4291
2019-01-19 17:24:01	0	4292
2019-01-19 17:24:01	0	4293
2019-01-19 17:24:01	0	4294
2019-01-19 17:24:01	0	4295
2019-01-19 17:24:01	0	4296
2019-01-19 17:24:01	0	4297
2019-01-19 17:24:01	0	4298
2019-01-19 17:24:01	0	4299
2019-01-19 17:24:01	0	4300
2019-01-19 17:24:01	0	4301
2019-01-19 17:24:01	0	4302
2019-01-19 17:24:01	0	4303
2019-01-19 17:24:01	0	4304
2019-01-19 17:24:01	0	4307
2019-01-19 17:24:01	0	4308
2019-01-19 17:24:01	0	4309
2019-01-19 17:24:01	0	4310
2019-01-19 17:24:01	0	4311
2019-01-19 17:24:01	0	4312
2019-01-19 17:24:01	0	4313
2019-01-19 17:24:01	0	4314
2019-01-19 17:24:01	0	4315
2019-01-19 17:24:01	1	4317
2019-01-19 17:24:01	0	4318
2019-01-19 17:24:01	0	4319
2019-01-19 17:24:01	0	4320
2019-01-19 17:24:01	1	4323
2019-01-19 17:24:01	0	4324
2019-01-19 17:24:01	1	4325
2019-01-19 17:24:01	0	4326
2019-01-19 17:24:01	0	4327
2019-01-19 17:24:01	0	4328
2019-01-19 17:24:01	1	4329
2019-01-19 17:24:01	1	4330
2019-01-19 17:24:01	0	4334
2019-01-19 17:24:01	0	4335
2019-01-19 17:24:01	0	4336
2019-01-19 17:24:01	0	4337
2019-01-19 17:24:01	0	4338
2019-01-19 17:24:01	0	4339
2019-01-19 17:24:01	1	4340
2019-01-19 17:24:01	0	4341
2019-01-19 17:24:01	0	4342
2019-01-19 17:24:01	0	4343
2019-01-19 17:24:01	1	4344
2019-01-19 17:24:01	0	4345
2019-01-19 17:24:01	0	4346
2019-01-19 17:24:01	0	4347
2019-01-19 17:24:01	1	4349
2019-01-19 17:24:01	1	4350
2019-01-19 17:24:01	0	4354
2019-01-19 17:24:01	1	4355
2019-01-19 17:24:01	0	4356
2019-01-19 17:24:01	1	4357
2019-01-19 17:24:01	0	4359
2019-01-19 17:24:01	0	4360
2019-01-19 17:24:01	0	4361
2019-01-19 17:24:01	0	4362
2019-01-19 17:24:01	0	4363
2019-01-19 17:24:01	1	4364
2019-01-19 17:24:01	0	4365
2019-01-19 17:24:01	0	4366
2019-01-19 17:24:01	1	4367
2019-01-19 17:24:01	1	4368
2019-01-19 17:24:01	0	4370
2019-01-19 17:24:01	1	4372
2019-01-19 17:24:01	0	4373
2019-01-19 17:24:01	0	4374
2019-01-19 17:24:01	0	4376
2019-01-19 17:24:01	0	4377
2019-01-19 17:24:01	0	4378
2019-01-19 17:24:01	0	4379
2019-01-19 17:24:01	0	4380
2019-01-19 17:24:01	0	4382
2019-01-19 17:24:01	0	4383
2019-01-19 17:24:01	1	4384
2019-01-19 17:24:01	1	4385
2019-01-19 17:24:01	0	4386
2019-01-19 17:24:01	0	4387
2019-01-19 17:24:01	1	4388
2019-01-19 17:24:01	1	4390
2019-01-19 17:24:01	1	4394
2019-01-19 17:24:01	0	4395
2019-01-19 17:24:01	0	4396
2019-01-19 17:24:01	0	4397
2019-01-19 17:24:01	0	4398
2019-01-19 17:24:01	0	4399
2019-01-19 17:24:01	0	4400
2019-01-19 17:24:01	0	4401
2019-01-19 17:24:01	0	4402
2019-01-19 17:24:01	0	4403
2019-01-19 17:24:01	1	4404
2019-01-19 17:24:01	0	4405
2019-01-19 17:24:01	1	4406
2019-01-19 17:24:01	1	4421
2019-01-19 17:24:01	1	4423
2019-01-19 17:24:01	1	4424
2019-01-19 17:24:01	1	4426
2019-01-19 17:24:01	1	4427
2019-01-19 17:24:01	1	4428
2019-01-19 17:24:01	1	4429
2019-01-19 17:24:01	1	4431
2019-01-19 17:24:01	1	4432
2019-01-19 17:24:01	1	4433
2019-01-19 17:24:01	0	4434
2019-01-19 17:24:01	0	4435
2019-01-19 17:24:01	0	4436
2019-01-19 17:24:01	1	4437
2019-01-19 17:24:01	1	4438
2019-01-19 17:24:01	1	4439
2019-01-19 17:24:01	0	4440
2019-01-19 17:24:01	1	4441
2019-01-19 17:24:01	0	4443
2019-01-19 17:24:01	0	4444
2019-01-19 17:24:01	0	4446
2019-01-19 17:24:01	1	4449
2019-01-19 17:24:01	0	4453
2019-01-19 17:24:01	0	4454
2019-01-19 17:24:01	0	4520
2019-01-19 17:24:01	1	4532
2019-01-19 17:24:01	1	4549
2019-01-19 17:24:01	1	4553
2019-01-19 17:24:01	1	4559
2019-01-19 17:24:01	1	4560
2019-01-19 17:24:01	1	4561
2019-01-19 17:24:01	0	4562
2019-01-19 17:24:01	1	4563
2019-01-19 17:24:01	0	4564
2019-01-19 17:24:01	0	4565
2019-01-19 17:24:01	0	4566
2019-01-19 17:24:01	1	4567
2019-01-19 17:24:01	1	4568
2019-01-19 17:24:01	1	4569
2019-01-19 17:24:01	0	4570
2019-01-19 17:24:01	1	4572
2019-01-19 17:24:01	1	4573
2019-01-19 17:24:01	1	4574
2019-01-19 17:24:01	0	4575
2019-01-19 17:24:01	1	4576
2019-01-19 17:24:01	1	4577
2019-01-19 17:24:01	0	4578
2019-01-19 17:24:01	1	4579
2019-01-19 17:24:01	0	4649
2019-01-19 17:24:01	1	4650
2019-01-19 17:24:01	1	4651
2019-01-19 17:24:01	0	4652
2019-01-19 17:24:01	0	4653
2019-01-19 17:24:01	0	4654
2019-01-19 17:24:01	0	4655
2019-01-19 17:24:01	1	4656
2019-01-19 17:24:01	0	4657
2019-01-19 17:24:01	1	4659
2019-01-19 17:24:01	1	4690
2019-01-19 17:24:01	1	4692
2019-01-19 17:24:01	1	4694
2019-01-19 17:24:01	1	4696
2019-01-19 17:24:01	1	4697
2019-01-19 17:24:01	1	4698
2019-01-19 17:24:01	1	4699
2019-01-19 17:24:01	1	4701
2019-01-19 17:24:01	1	4703
2019-01-19 17:24:01	1	4705
2019-01-19 17:24:01	1	4710
2019-01-19 17:24:01	1	4712
2019-01-19 17:24:01	1	4714
2019-01-19 17:24:01	0	4715
2019-01-19 17:24:01	1	4716
2019-01-19 17:24:01	1	4717
2019-01-19 17:24:01	1	4719
2019-01-19 17:24:01	1	4721
2019-01-19 17:24:01	1	4723
2019-01-19 17:24:01	1	4725
2019-01-19 17:24:01	1	4727
2019-01-19 17:24:01	0	4729
2019-01-19 17:24:01	1	4731
2019-01-19 17:24:01	0	4735
2019-01-19 17:24:01	1	4739
2019-01-19 17:24:01	1	4745
2019-01-19 17:24:01	0	4746
2019-01-19 17:24:01	1	4748
2019-01-19 17:24:01	0	4749
2019-01-19 17:24:01	0	4750
2019-01-19 17:24:01	0	4751
2019-01-19 17:24:01	1	4752
2019-01-19 17:24:01	0	4753
2019-01-19 17:24:01	1	4757
2019-01-19 17:24:01	1	4758
2019-01-19 17:24:01	1	4759
2019-01-19 17:24:01	1	4794
2019-01-19 17:24:01	0	4795
2019-01-19 17:24:01	0	4797
2019-01-19 17:24:01	0	4798
2019-01-19 17:24:01	1	4799
2019-01-19 17:24:01	1	4800
2019-01-19 17:24:01	1	4801
2019-01-19 17:24:01	1	4802
2019-01-19 17:24:01	1	4803
2019-01-19 17:24:01	1	4804
2019-01-19 17:24:01	1	4805
2019-01-19 17:24:01	1	4806
2019-01-19 17:24:01	1	4807
2019-01-19 17:24:01	1	4808
2019-01-19 17:24:01	1	4809
2019-01-19 17:24:01	0	4811
2019-01-19 17:24:01	0	4813
2019-01-19 17:24:01	0	4814
2019-01-19 17:24:01	1	4817
2019-01-19 17:24:01	1	4818
2019-01-19 17:24:01	1	4819
2019-01-19 17:24:01	1	4820
2019-01-19 17:24:01	1	4821
2019-01-19 17:24:01	1	4822
2019-01-19 17:24:01	0	4823
2019-01-19 17:24:01	0	4824
2019-01-19 17:24:01	1	4825
2019-01-19 17:24:01	0	4826
2019-01-19 17:24:01	1	4827
2019-01-19 17:24:01	0	4828
2019-01-19 17:24:01	0	4829
2019-01-19 17:24:01	0	4830
2019-01-19 17:24:01	0	4831
2019-01-19 17:24:01	0	4832
2019-01-19 17:24:01	0	4833
2019-01-19 17:24:01	0	4834
2019-01-19 17:24:01	0	4837
2019-01-19 17:24:01	0	4838
2019-01-19 17:24:01	0	4839
2019-01-19 17:24:01	1	4840
2019-01-19 17:24:01	0	4841
2019-01-19 17:24:01	1	4842
2019-01-19 17:24:01	0	4843
2019-01-19 17:24:01	1	4844
2019-01-19 17:24:01	0	4845
2019-01-19 17:24:01	0	4846
2019-01-19 17:24:01	0	4847
2019-01-19 17:24:01	1	4848
2019-01-19 17:24:01	1	4849
2019-01-19 17:24:01	0	4850
2019-01-19 17:24:01	0	4851
2019-01-19 17:24:01	0	4852
2019-01-19 17:24:01	0	4853
2019-01-19 17:24:01	1	4855
2019-01-19 17:24:01	1	4857
2019-01-19 17:24:01	0	4861
2019-01-19 17:24:01	1	4863
2019-01-19 17:24:01	0	4865
2019-01-19 17:24:01	0	4866
2019-01-19 17:24:01	0	4867
2019-01-19 17:24:01	1	4868
2019-01-19 17:24:01	0	4869
2019-01-19 17:24:01	1	4876
2019-01-19 17:24:01	1	4877
2019-01-19 17:24:01	1	4878
2019-01-19 17:24:01	1	4879
2019-01-19 17:24:01	1	4881
2019-01-19 17:24:01	1	4883
2019-01-19 17:24:01	1	4885
2019-01-19 17:24:01	1	4887
2019-01-19 17:24:01	1	4889
2019-01-19 17:24:01	0	4893
2019-01-19 17:24:01	0	4895
2019-01-19 17:24:01	1	4897
2019-01-19 17:24:01	1	4899
2019-01-19 17:24:01	0	4901
2019-01-19 17:24:01	1	4903
2019-01-19 17:24:01	0	4905
2019-01-19 17:24:01	1	4907
2019-01-19 17:24:01	1	4909
2019-01-19 17:24:01	1	4911
2019-01-19 17:24:01	1	4913
2019-01-19 17:24:01	1	4915
2019-01-19 17:24:01	1	4917
2019-01-19 17:24:01	0	4919
2019-01-19 17:24:01	1	4921
2019-01-19 17:24:01	0	4927
2019-01-19 17:24:01	1	4929
2019-01-19 17:24:01	1	4933
2019-01-19 17:24:01	1	4937
2019-01-19 17:24:01	0	4939
2019-01-19 17:24:01	1	4941
2019-01-19 17:24:01	1	4944
2019-01-19 17:24:01	1	4946
2019-01-19 17:24:01	1	4948
2019-01-19 17:24:01	1	4956
2019-01-19 17:24:01	1	4958
2019-01-19 17:24:01	1	4960
2019-01-19 17:24:01	1	4962
2019-01-19 17:24:01	1	4964
2019-01-19 17:24:01	1	4966
2019-01-19 17:24:01	0	4968
2019-01-19 17:24:01	0	4970
2019-01-19 17:24:01	1	4972
2019-01-19 17:24:01	0	4974
2019-01-19 17:24:01	0	4976
2019-01-19 17:24:01	0	4978
2019-01-19 17:24:01	0	4981
2019-01-19 17:24:01	0	4982
2019-01-19 17:24:01	0	4983
2019-01-19 17:24:01	0	4985
2019-01-19 17:24:01	0	4987
2019-01-19 17:24:01	0	4989
2019-01-19 17:24:01	1	4991
2019-01-19 17:24:01	0	4993
2019-01-19 17:24:01	0	4995
2019-01-19 17:24:01	1	4997
2019-01-19 17:24:01	0	4999
2019-01-19 17:24:01	1	5001
2019-01-19 17:24:01	1	5003
2019-01-19 17:24:01	1	5005
2019-01-19 17:24:01	0	5007
2019-01-19 17:24:01	1	5009
2019-01-19 17:24:01	1	5011
2019-01-19 17:24:01	1	5013
2019-01-19 17:24:01	0	5015
2019-01-19 17:24:01	1	5017
2019-01-19 17:24:01	1	5019
2019-01-19 17:24:01	0	5021
2019-01-19 17:24:01	1	5022
2019-01-19 17:24:01	1	5023
2019-01-19 17:24:01	0	5026
2019-01-19 17:24:01	1	5028
2019-01-19 17:24:01	0	5029
2019-01-19 17:24:01	1	5031
2019-01-19 17:24:01	1	5032
2019-01-19 17:24:01	0	5033
2019-01-19 17:24:01	0	5035
2019-01-19 17:24:01	0	5036
2019-01-19 17:24:01	0	5038
2019-01-19 17:24:01	0	5039
2019-01-19 17:24:01	1	5040
2019-01-19 17:24:01	0	5041
2019-01-19 17:24:01	0	5042
2019-01-19 17:24:01	1	5043
2019-01-19 17:24:01	1	5046
2019-01-19 17:24:01	1	5047
2019-01-19 17:24:01	0	5048
2019-01-19 17:24:01	1	5049
2019-01-19 17:24:01	1	5050
2019-01-19 17:24:01	0	5051
2019-01-19 17:24:01	1	5052
2019-01-19 17:24:01	1	5053
2019-01-19 17:24:01	1	5054
2019-01-19 17:24:01	1	5055
2019-01-19 17:24:01	1	5056
2019-01-19 17:24:01	1	5057
2019-01-19 17:24:01	0	5058
2019-01-19 17:24:01	1	5059
2019-01-19 17:24:01	0	5060
2019-01-19 17:24:01	0	5061
2019-01-19 17:24:01	1	5062
2019-01-19 17:24:01	1	5063
2019-01-19 17:24:01	1	5064
2019-01-19 17:24:01	0	5065
2019-01-19 17:24:01	0	5066
2019-01-19 17:24:01	0	5067
2019-01-19 17:24:01	0	5068
2019-01-19 17:24:01	1	5069
2019-01-19 17:24:01	0	5070
2019-01-19 17:24:01	0	5071
2019-01-19 17:24:01	0	5072
2019-01-19 17:24:01	1	5073
2019-01-19 17:24:01	0	5074
2019-01-19 17:24:01	0	5075
2019-01-19 17:24:01	0	5076
2019-01-19 17:24:01	1	5077
2019-01-19 17:24:01	1	5078
2019-01-19 17:24:01	0	5079
2019-01-19 17:24:01	1	5080
2019-01-19 17:24:01	1	5081
2019-01-19 17:24:01	0	5082
2019-01-19 17:24:01	0	5083
2019-01-19 17:24:01	0	5084
2019-01-19 17:24:01	0	5085
2019-01-19 17:24:01	0	5086
2019-01-19 17:24:01	1	5087
2019-01-19 17:24:01	0	5088
2019-01-19 17:24:01	0	5089
2019-01-19 17:24:01	1	5090
2019-01-19 17:24:01	0	5091
2019-01-19 17:24:01	0	5092
2019-01-19 17:24:01	0	5093
2019-01-19 17:24:01	1	5094
2019-01-19 17:24:01	0	5095
2019-01-19 17:24:01	0	5096
2019-01-19 17:24:01	0	5097
2019-01-19 17:24:01	0	5098
2019-01-19 17:24:01	0	5099
2019-01-19 17:24:01	0	5100
2019-01-19 17:24:01	0	5101
2019-01-19 17:24:01	0	5102
2019-01-19 17:24:01	0	5103
2019-01-19 17:24:01	0	5104
2019-01-19 17:24:01	0	5105
2019-01-19 17:24:01	0	5106
2019-01-19 17:24:01	1	5107
2019-01-19 17:24:01	0	5108
2019-01-19 17:24:01	0	5109
2019-01-19 17:24:01	0	5110
2019-01-19 17:24:01	0	5111
2019-01-19 17:24:01	0	5112
2019-01-19 17:24:01	0	5113
2019-01-19 17:24:01	0	5114
2019-01-19 17:24:01	0	5115
2019-01-19 17:24:01	0	5116
2019-01-19 17:24:01	0	5117
2019-01-19 17:24:01	0	5118
2019-01-19 17:24:01	0	5119
2019-01-19 17:24:01	0	5120
2019-01-19 17:24:01	0	5121
2019-01-19 17:24:01	0	5122
2019-01-19 17:24:01	0	5123
2019-01-19 17:24:01	0	5125
2019-01-19 17:24:01	0	5126
2019-01-19 17:24:01	0	5127
2019-01-19 17:24:01	0	5128
2019-01-19 17:24:01	1	5129
2019-01-19 17:24:01	0	5130
2019-01-19 17:24:01	0	5131
2019-01-19 17:24:01	0	5132
2019-01-19 17:24:01	0	5133
2019-01-19 17:24:01	0	5134
2019-01-19 17:24:01	0	5135
2019-01-19 17:24:01	0	5136
2019-01-19 17:24:01	0	5137
2019-01-19 17:24:01	0	5138
2019-01-19 17:24:01	0	5139
2019-01-19 17:24:01	0	5140
2019-01-19 17:24:01	0	5141
2019-01-19 17:24:01	0	5142
2019-01-19 17:24:01	1	5143
2019-01-19 17:24:01	0	5144
2019-01-19 17:24:01	0	5145
2019-01-19 17:24:01	0	5146
2019-01-19 17:24:01	0	5147
2019-01-19 17:24:01	1	5148
2019-01-19 17:24:01	1	5149
2019-01-19 17:24:01	0	5150
2019-01-19 17:24:01	0	5151
2019-01-19 17:24:01	1	5152
2019-01-19 17:24:01	0	5153
2019-01-19 17:24:01	1	5154
2019-01-19 17:24:01	0	5155
2019-01-19 17:24:01	1	5156
2019-01-19 17:24:01	1	5157
2019-01-19 17:24:01	1	5158
2019-01-19 17:24:01	0	5160
2019-01-19 17:24:01	0	5161
2019-01-19 17:24:01	0	5162
2019-01-19 17:24:01	1	5163
2019-01-19 17:24:01	0	5165
2019-01-19 17:24:01	0	5166
2019-01-19 17:24:01	1	5167
2019-01-19 17:24:01	0	5170
2019-01-19 17:24:01	0	5171
2019-01-19 17:24:01	1	5172
2019-01-19 17:24:01	1	5173
2019-01-19 17:24:01	1	5176
2019-01-19 17:24:01	1	5177
2019-01-19 17:24:01	1	5178
2019-01-19 17:24:01	1	5180
2019-01-19 17:24:01	1	5181
2019-01-19 17:24:01	0	5183
2019-01-19 17:24:01	1	5184
2019-01-19 17:24:01	1	5185
2019-01-19 17:24:01	1	5201
2019-01-19 17:24:01	1	5202
2019-01-19 17:24:01	1	5203
2019-01-19 17:24:01	1	5204
2019-01-19 17:24:01	0	5205
2019-01-19 17:24:01	1	5206
2019-01-19 17:24:01	0	5207
2019-01-19 17:24:01	1	5211
2019-01-19 17:24:01	1	5224
2019-01-19 17:24:01	1	5225
2019-01-19 17:24:01	0	5226
2019-01-19 17:24:01	1	5227
2019-01-19 17:24:01	0	5228
2019-01-19 17:24:01	1	5229
2019-01-19 17:24:01	1	5230
2019-01-19 17:24:01	0	5231
2019-01-19 17:24:01	1	5232
2019-01-19 17:24:01	1	5233
2019-01-19 17:24:01	1	5234
2019-01-19 17:24:01	0	5235
2019-01-19 17:24:01	1	5236
2019-01-19 17:24:01	1	5237
2019-01-19 17:24:01	1	5238
2019-01-19 17:24:01	1	5239
2019-01-19 17:24:01	1	5240
2019-01-19 17:24:01	1	5245
2019-01-19 17:24:01	1	5246
2019-01-19 17:24:01	1	5247
2019-01-19 17:24:01	0	5248
2019-01-19 17:24:01	0	5249
2019-01-19 17:24:01	0	5250
2019-01-19 17:24:01	1	5251
2019-01-19 17:24:01	0	5252
2019-01-19 17:24:01	1	5253
2019-01-19 17:24:01	1	5254
2019-01-19 17:24:01	1	5255
2019-01-19 17:24:01	1	5256
2019-01-19 17:24:01	1	5257
2019-01-19 17:24:01	0	5258
2019-01-19 17:24:01	0	5259
2019-01-19 17:24:01	0	5260
2019-01-19 17:24:01	1	5261
2019-01-19 17:24:01	0	5262
2019-01-19 17:24:01	0	5263
2019-01-19 17:24:01	0	5264
2019-01-19 17:24:01	0	5265
2019-01-19 17:24:01	0	5266
2019-01-19 17:24:01	0	5267
2019-01-19 17:24:01	0	5268
2019-01-19 17:24:01	0	5269
2019-01-19 17:24:01	1	5270
2019-01-19 17:24:01	1	5271
2019-01-19 17:24:01	1	5272
2019-01-19 17:24:01	0	5273
2019-01-19 17:24:01	1	5274
2019-01-19 17:24:01	0	5300
2019-01-19 17:24:01	1	5301
2019-01-19 17:24:01	0	5302
2019-01-19 17:24:01	0	5303
2019-01-19 17:24:01	0	5304
2019-01-19 17:24:01	0	5305
2019-01-19 17:24:01	1	5306
2019-01-19 17:24:01	1	5307
2019-01-19 17:24:01	0	5308
2019-01-19 17:24:01	1	5309
2019-01-19 17:24:01	0	5311
2019-01-19 17:24:01	0	5312
2019-01-19 17:24:01	0	5313
2019-01-19 17:24:01	1	5314
2019-01-19 17:24:01	1	5315
2019-01-19 17:24:01	0	5316
2019-01-19 17:24:01	0	5317
2019-01-19 17:24:01	1	5318
2019-01-19 17:24:01	1	5321
2019-01-19 17:24:01	0	5322
2019-01-19 17:24:01	1	5323
2019-01-19 17:24:01	0	5324
2019-01-19 17:24:01	1	5325
2019-01-19 17:24:01	1	5326
2019-01-19 17:24:01	0	5327
2019-01-19 17:24:01	1	5328
2019-01-19 17:24:01	1	5329
2019-01-19 17:24:01	1	5330
2019-01-19 17:24:01	0	5331
2019-01-19 17:24:01	1	5332
2019-01-19 17:24:01	1	5333
2019-01-19 17:24:01	0	5336
2019-01-19 17:24:01	0	5345
2019-01-19 17:24:01	0	5346
2019-01-19 17:24:01	0	5347
2019-01-19 17:24:01	0	5348
2019-01-19 17:24:01	0	5349
2019-01-19 17:24:01	1	5351
2019-01-19 17:24:01	1	5352
2019-01-19 17:24:01	0	5353
2019-01-19 17:24:01	1	5354
2019-01-19 17:24:01	1	5355
2019-01-19 17:24:01	1	5356
2019-01-19 17:24:01	0	5357
2019-01-19 17:24:01	1	5358
2019-01-19 17:24:01	1	5359
2019-01-19 17:24:01	0	5360
2019-01-19 17:24:01	1	5361
2019-01-19 17:24:01	1	5362
2019-01-19 17:24:01	0	5363
2019-01-19 17:24:01	0	5364
2019-01-19 17:24:01	1	5367
2019-01-19 17:24:01	1	5368
2019-01-19 17:24:01	1	5369
2019-01-19 17:24:01	1	5370
2019-01-19 17:24:01	0	5371
2019-01-19 17:24:01	0	5372
2019-01-19 17:24:01	0	5373
2019-01-19 17:24:01	1	5374
2019-01-19 17:24:01	1	5375
2019-01-19 17:24:01	0	5376
2019-01-19 17:24:01	0	5378
2019-01-19 17:24:01	1	5383
2019-01-19 17:24:01	1	5384
2019-01-19 17:24:01	1	5385
2019-01-19 17:24:01	1	5386
2019-01-19 17:24:01	1	5387
2019-01-19 17:24:01	1	5388
2019-01-19 17:24:01	1	5389
2019-01-19 17:24:01	1	5390
2019-01-19 17:24:01	1	5391
2019-01-19 17:24:01	1	5392
2019-01-19 17:24:01	1	5393
2019-01-19 17:24:01	1	5394
2019-01-19 17:24:01	1	5395
2019-01-19 17:24:01	1	5396
2019-01-19 17:24:01	0	5397
2019-01-19 17:24:01	0	5398
2019-01-19 17:24:01	1	5399
2019-01-19 17:24:01	0	5400
2019-01-19 17:24:01	1	5401
2019-01-19 17:24:01	1	5405
2019-01-19 17:24:01	1	5406
2019-01-19 17:24:01	0	5407
2019-01-19 17:24:01	0	5408
2019-01-19 17:24:01	1	5409
2019-01-19 17:24:01	0	5410
2019-01-19 17:24:01	0	5411
2019-01-19 17:24:01	0	5412
2019-01-19 17:24:01	0	5413
2019-01-19 17:24:01	1	5414
2019-01-19 17:24:01	1	5416
2019-01-19 17:24:01	0	5417
2019-01-19 17:24:01	0	5424
2019-01-19 17:24:01	0	5425
2019-01-19 17:24:01	0	5426
2019-01-19 17:24:01	1	5427
2019-01-19 17:24:01	1	5428
2019-01-19 17:24:01	1	5429
2019-01-19 17:24:01	0	5430
2019-01-19 17:24:01	1	5431
2019-01-19 17:24:01	1	5432
2019-01-19 17:24:01	1	5433
2019-01-19 17:24:01	1	5434
2019-01-19 17:24:01	0	5435
2019-01-19 17:24:01	0	5436
2019-01-19 17:24:01	0	5437
2019-01-19 17:24:01	1	5438
2019-01-19 17:24:01	0	5439
2019-01-19 17:24:01	0	5440
2019-01-19 17:24:01	1	5441
2019-01-19 17:24:01	0	5442
2019-01-19 17:24:01	1	5443
2019-01-19 17:24:01	0	5444
2019-01-19 17:24:01	1	5445
2019-01-19 17:24:01	1	5446
2019-01-19 17:24:01	1	5447
2019-01-19 17:24:01	1	5448
2019-01-19 17:24:01	1	5449
2019-01-19 17:24:01	1	5450
2019-01-19 17:24:01	0	5451
2019-01-19 17:24:01	0	5452
2019-01-19 17:24:01	0	5453
2019-01-19 17:24:01	1	5454
2019-01-19 17:24:01	1	5455
2019-01-19 17:24:01	1	5456
2019-01-19 17:24:01	1	5457
2019-01-19 17:24:01	0	5458
2019-01-19 17:24:01	1	5459
2019-01-19 17:24:01	0	5460
2019-01-19 17:24:01	1	5462
2019-01-19 17:24:01	1	5463
2019-01-19 17:24:01	0	5464
2019-01-19 17:24:01	1	5465
2019-01-19 17:24:01	0	5467
2019-01-19 17:24:01	1	5468
2019-01-19 17:24:01	1	5469
2019-01-19 17:24:01	0	5470
2019-01-19 17:24:01	1	5471
2019-01-19 17:24:01	1	5472
2019-01-19 17:24:01	1	5474
2019-01-19 17:24:01	0	5475
2019-01-19 17:24:01	0	5476
2019-01-19 17:24:01	1	5477
2019-01-19 17:24:01	0	5478
2019-01-19 17:24:01	0	5479
2019-01-19 17:24:01	1	5480
2019-01-19 17:24:01	1	5481
2019-01-19 17:24:01	0	5482
2019-01-19 17:24:01	0	5484
2019-01-19 17:24:01	0	5485
2019-01-19 17:24:01	0	5486
2019-01-19 17:24:01	1	5487
2019-01-19 17:24:01	0	5488
2019-01-19 17:24:01	0	5489
2019-01-19 17:24:01	1	5491
2019-01-19 17:24:01	1	5493
2019-01-19 17:24:01	1	5583
2019-01-19 17:24:01	1	5584
2019-01-19 17:24:01	1	5585
2019-01-19 17:24:01	1	5586
2019-01-19 17:24:01	1	5587
2019-01-19 17:24:01	1	5588
2019-01-19 17:24:01	0	5589
2019-01-19 17:24:01	1	5590
2019-01-19 17:24:01	0	5600
2019-01-19 17:24:01	1	5601
2019-01-19 17:24:01	1	5602
2019-01-19 17:24:01	1	5603
2019-01-19 17:24:01	0	5604
2019-01-19 17:24:01	1	5605
2019-01-19 17:24:01	1	5606
2019-01-19 17:24:01	1	5607
2019-01-19 17:24:01	1	5608
2019-01-19 17:24:01	1	5609
2019-01-19 17:24:01	1	5610
2019-01-19 17:24:01	0	5611
2019-01-19 17:24:01	1	5612
2019-01-19 17:24:01	1	5614
2019-01-19 17:24:01	1	5615
2019-01-19 17:24:01	1	5616
2019-01-19 17:24:01	1	5617
2019-01-19 17:24:01	1	5618
2019-01-19 17:24:01	1	5619
2019-01-19 17:24:01	1	5620
2019-01-19 17:24:01	1	5621
2019-01-19 17:24:01	1	5622
2019-01-19 17:24:01	1	5623
2019-01-19 17:24:01	1	5624
2019-01-19 17:24:01	1	5625
2019-01-19 17:24:01	1	5626
2019-01-19 17:24:01	1	5627
2019-01-19 17:24:01	1	5628
2019-01-19 17:24:01	0	5629
2019-01-19 17:24:01	1	5630
2019-01-19 17:24:01	0	5631
2019-01-19 17:24:01	1	5632
2019-01-19 17:24:01	1	5634
2019-01-19 17:24:01	1	5635
2019-01-19 17:24:01	1	5636
2019-01-19 17:24:01	1	5637
2019-01-19 17:24:01	1	5638
2019-01-19 17:24:01	1	5639
2019-01-19 17:24:01	1	5640
2019-01-19 17:24:01	1	5641
2019-01-19 17:24:01	0	5642
2019-01-19 17:24:01	1	5643
2019-01-19 17:24:01	1	5644
2019-01-19 17:24:01	1	5645
2019-01-19 17:24:01	1	5646
2019-01-19 17:24:01	1	5647
2019-01-19 17:24:01	1	5648
2019-01-19 17:24:01	1	5649
2019-01-19 17:24:01	1	5650
2019-01-19 17:24:01	1	5651
2019-01-19 17:24:01	1	5652
2019-01-19 17:24:01	0	5653
2019-01-19 17:24:01	1	5654
2019-01-19 17:24:01	1	5655
2019-01-19 17:24:01	0	5656
2019-01-19 17:24:01	1	5657
2019-01-19 17:24:01	1	5658
2019-01-19 17:24:01	1	5659
2019-01-19 17:24:01	1	5660
2019-01-19 17:24:01	1	5661
2019-01-19 17:24:01	1	5662
2019-01-19 17:24:01	1	5663
2019-01-19 17:24:01	1	5664
2019-01-19 17:24:01	0	5665
2019-01-19 17:24:01	0	5666
2019-01-19 17:24:01	0	5668
2019-01-19 17:24:01	0	5669
2019-01-19 17:24:01	1	5670
2019-01-19 17:24:01	0	5671
2019-01-19 17:24:01	0	5672
2019-01-19 17:24:01	1	5673
2019-01-19 17:24:01	1	5674
2019-01-19 17:24:01	0	5675
2019-01-19 17:24:01	0	5676
2019-01-19 17:24:01	0	5677
2019-01-19 17:24:01	1	5678
2019-01-19 17:24:01	0	5679
2019-01-19 17:24:01	1	5680
2019-01-19 17:24:01	1	5681
2019-01-19 17:24:01	1	5682
2019-01-19 17:24:01	1	5683
2019-01-19 17:24:01	1	5684
2019-01-19 17:24:01	1	5685
2019-01-19 17:24:01	1	5686
2019-01-19 17:24:01	1	5687
2019-01-19 17:24:01	1	5688
2019-01-19 17:24:01	1	5689
2019-01-19 17:24:01	1	5690
2019-01-19 17:24:01	1	5691
2019-01-19 17:24:01	1	5692
2019-01-19 17:24:01	1	5693
2019-01-19 17:24:01	1	5694
2019-01-19 17:24:01	1	5695
2019-01-19 17:24:01	0	5696
2019-01-19 17:24:01	0	5697
2019-01-19 17:24:01	1	5698
2019-01-19 17:24:01	1	5699
2019-01-19 17:24:01	0	5700
2019-01-19 17:24:01	0	5708
2019-01-19 17:24:01	0	5709
2019-01-19 17:24:01	0	5710
2019-01-19 17:24:01	1	5711
2019-01-19 17:24:01	0	5712
2019-01-19 17:24:01	1	5713
2019-01-19 17:24:01	1	5714
2019-01-19 17:24:01	1	5715
2019-01-19 17:24:01	1	5716
2019-01-19 17:24:01	1	5717
2019-01-19 17:24:01	1	5718
2019-01-19 17:24:01	1	5719
2019-01-19 17:24:01	1	5720
2019-01-19 17:24:01	0	5721
2019-01-19 17:24:01	1	5722
2019-01-19 17:24:01	0	5723
2019-01-19 17:24:01	1	5724
2019-01-19 17:24:01	1	5725
2019-01-19 17:24:01	1	5726
2019-01-19 17:24:01	1	5727
2019-01-19 17:24:01	1	5728
2019-01-19 17:24:01	1	5730
2019-01-19 17:24:01	0	5731
2019-01-19 17:24:01	0	5732
2019-01-19 17:24:01	0	5733
2019-01-19 17:24:01	0	5734
2019-01-19 17:24:01	0	5735
2019-01-19 17:24:01	0	5736
2019-01-19 17:24:01	0	5737
2019-01-19 17:24:01	0	5738
2019-01-19 17:24:01	0	5739
2019-01-19 17:24:01	0	5740
2019-01-19 17:24:01	0	5741
2019-01-19 17:24:01	0	5742
2019-01-19 17:24:01	0	5743
2019-01-19 17:24:01	0	5744
2019-01-19 17:24:01	0	5745
2019-01-19 17:24:01	1	5749
2019-01-19 17:24:01	1	5750
2019-01-19 17:24:01	1	5751
2019-01-19 17:24:01	1	5752
2019-01-19 17:24:01	1	5753
2019-01-19 17:24:01	1	5754
2019-01-19 17:24:01	1	5755
2019-01-19 17:24:01	0	5756
2019-01-19 17:24:01	1	5757
2019-01-19 17:24:01	1	5758
2019-01-19 17:24:01	0	5759
2019-01-19 17:24:01	0	5760
2019-01-19 17:24:01	1	5761
2019-01-19 17:24:01	0	5762
2019-01-19 17:24:01	0	5763
2019-01-19 17:24:01	1	5764
2019-01-19 17:24:01	0	5765
2019-01-19 17:24:01	0	5766
2019-01-19 17:24:01	0	5767
2019-01-19 17:24:01	0	5768
2019-01-19 17:24:01	0	5769
2019-01-19 17:24:01	0	5770
2019-01-19 17:24:01	0	5771
2019-01-19 17:24:01	0	5772
2019-01-19 17:24:01	0	5773
2019-01-19 17:24:01	1	5774
2019-01-19 17:24:01	0	5775
2019-01-19 17:24:01	0	5776
2019-01-19 17:24:01	0	5777
2019-01-19 17:24:01	0	5780
2019-01-19 17:24:01	0	5781
2019-01-19 17:24:01	1	5782
2019-01-19 17:24:01	0	5783
2019-01-19 17:24:01	0	5784
2019-01-19 17:24:01	1	5785
2019-01-19 17:24:01	1	5787
2019-01-19 17:24:01	1	5788
2019-01-19 17:24:01	1	5789
2019-01-19 17:24:01	1	5790
2019-01-19 17:24:01	0	5791
2019-01-19 17:24:01	1	5792
2019-01-19 17:24:01	1	5793
2019-01-19 17:24:01	0	5794
2019-01-19 17:24:01	0	5795
2019-01-19 17:24:01	0	5796
2019-01-19 17:24:01	1	5797
2019-01-19 17:24:01	1	5798
2019-01-19 17:24:01	0	5799
2019-01-19 17:24:01	1	5800
2019-01-19 17:24:01	1	5801
2019-01-19 17:24:01	0	5802
2019-01-19 17:24:01	0	5803
2019-01-19 17:24:01	1	5804
2019-01-19 17:24:01	0	5805
2019-01-19 17:24:01	0	5806
2019-01-19 17:24:01	0	5807
2019-01-19 17:24:01	0	5810
2019-01-19 17:24:01	1	5811
2019-01-19 17:24:01	0	5812
2019-01-19 17:24:01	0	5813
2019-01-19 17:24:01	0	5814
2019-01-19 17:24:01	1	5815
2019-01-19 17:24:01	1	5816
2019-01-19 17:24:01	1	5817
2019-01-19 17:24:01	1	5818
2019-01-19 17:24:01	0	5819
2019-01-19 17:24:01	0	5820
2019-01-19 17:24:01	0	5821
2019-01-19 17:24:01	0	5849
2019-01-19 17:24:01	0	5850
2019-01-19 17:24:01	0	5851
2019-01-19 17:24:01	0	5852
2019-01-19 17:24:01	0	5853
2019-01-19 17:24:01	0	5854
2019-01-19 17:24:01	1	5855
2019-01-19 17:24:01	0	5856
2019-01-19 17:24:01	0	5857
2019-01-19 17:24:01	1	5858
2019-01-19 17:24:01	1	5859
2019-01-19 17:24:01	0	5860
2019-01-19 17:24:01	0	5861
2019-01-19 17:24:01	0	5862
2019-01-19 17:24:01	1	5864
2019-01-19 17:24:01	0	5865
2019-01-19 17:24:01	1	5866
2019-01-19 17:24:01	0	5867
2019-01-19 17:24:01	0	5868
2019-01-19 17:24:01	1	5869
2019-01-19 17:24:01	1	5870
2019-01-19 17:24:01	1	5871
2019-01-19 17:24:01	1	5872
2019-01-19 17:24:01	1	5873
2019-01-19 17:24:01	1	5874
2019-01-19 17:24:01	1	5875
2019-01-19 17:24:01	0	5876
2019-01-19 17:24:01	0	5877
2019-01-19 17:24:01	0	5878
2019-01-19 17:24:01	0	5879
2019-01-19 17:24:01	0	5880
2019-01-19 17:24:01	1	5881
2019-01-19 17:24:01	1	5882
2019-01-19 17:24:01	1	5883
2019-01-19 17:24:01	0	5884
2019-01-19 17:24:01	1	5886
2019-01-19 17:24:01	0	5887
2019-01-19 17:24:01	0	5888
2019-01-19 17:24:01	1	5889
2019-01-19 17:24:01	1	5890
2019-01-19 17:24:01	1	5891
2019-01-19 17:24:01	1	5892
2019-01-19 17:24:01	1	5893
2019-01-19 17:24:01	1	5894
2019-01-19 17:24:01	1	5895
2019-01-19 17:24:01	1	5896
2019-01-19 17:24:01	1	5897
2019-01-19 17:24:01	1	5898
2019-01-19 17:24:01	0	5899
2019-01-19 17:24:01	0	5900
2019-01-19 17:24:01	1	5902
2019-01-19 17:24:01	1	5903
2019-01-19 17:24:01	1	5904
2019-01-19 17:24:01	0	5905
2019-01-19 17:24:01	1	5906
2019-01-19 17:24:01	0	5907
2019-01-19 17:24:01	1	5909
2019-01-19 17:24:01	1	5910
2019-01-19 17:24:01	1	5911
2019-01-19 17:24:01	1	5912
2019-01-19 17:24:01	1	5913
2019-01-19 17:24:01	1	5914
2019-01-19 17:24:01	1	5915
2019-01-19 17:24:01	1	5916
2019-01-19 17:24:01	1	5917
2019-01-19 17:24:01	1	5918
2019-01-19 17:24:01	1	5919
2019-01-19 17:24:01	1	5920
2019-01-19 17:24:01	1	5921
2019-01-19 17:24:01	1	5922
2019-01-19 17:24:01	1	5923
2019-01-19 17:24:01	1	5924
2019-01-19 17:24:01	1	5925
2019-01-19 17:24:01	0	5926
2019-01-19 17:24:01	1	5927
2019-01-19 17:24:01	0	5928
2019-01-19 17:24:01	1	5929
2019-01-19 17:24:01	1	5982
2019-01-19 17:24:01	0	5983
2019-01-19 17:24:01	0	5996
2019-01-19 17:24:01	1	6005
2019-01-19 17:24:01	1	6007
2019-01-19 17:24:01	0	6008
2019-01-19 17:24:01	1	6009
2019-01-19 17:24:01	0	6010
2019-01-19 17:24:01	0	6015
2019-01-19 17:24:01	0	6016
2019-01-19 17:24:01	0	6017
2019-01-19 17:24:01	1	6018
2019-01-19 17:24:01	0	6019
2019-01-19 17:24:01	1	6020
2019-01-19 17:24:01	0	6021
2019-01-19 17:24:01	0	6022
2019-01-19 17:24:01	0	6023
2019-01-19 17:24:01	0	6024
2019-01-19 17:24:01	0	6025
2019-01-19 17:24:01	0	6026
2019-01-19 17:24:01	0	6035
2019-01-19 17:24:01	0	6036
2019-01-19 17:24:01	0	6037
2019-01-19 17:24:01	1	6038
2019-01-19 17:24:01	0	6039
2019-01-19 17:24:01	1	6044
2019-01-19 17:24:01	0	6045
2019-01-19 17:24:01	0	6047
2019-01-19 17:24:01	0	6049
2019-01-19 17:24:01	0	6050
2019-01-19 17:24:01	1	6051
2019-01-19 17:24:01	0	6052
2019-01-19 17:24:01	1	6053
2019-01-19 17:24:01	0	6054
2019-01-19 17:24:01	1	6055
2019-01-19 17:24:01	1	6056
2019-01-19 17:24:01	0	6057
2019-01-19 17:24:01	1	6058
2019-01-19 17:24:01	0	6059
2019-01-19 17:24:01	0	6060
2019-01-19 17:24:01	0	6061
2019-01-19 17:24:01	0	6063
2019-01-19 17:24:01	0	6064
2019-01-19 17:24:01	0	6066
2019-01-19 17:24:01	0	6067
2019-01-19 17:24:01	1	6068
2019-01-19 17:24:01	1	6069
2019-01-19 17:24:01	1	6070
2019-01-19 17:24:01	1	6072
2019-01-19 17:24:01	1	6073
2019-01-19 17:24:01	0	6075
2019-01-19 17:24:01	1	6076
2019-01-19 17:24:01	1	6077
2019-01-19 17:24:01	0	6078
2019-01-19 17:24:01	0	6079
2019-01-19 17:24:01	1	6080
2019-01-19 17:24:01	0	6081
2019-01-19 17:24:01	0	6082
2019-01-19 17:24:01	1	6083
2019-01-19 17:24:01	1	6084
2019-01-19 17:24:01	0	6085
2019-01-19 17:24:01	1	6086
2019-01-19 17:24:01	1	6087
2019-01-19 17:24:01	0	6088
2019-01-19 17:24:01	0	6089
2019-01-19 17:24:01	1	6090
2019-01-19 17:24:01	0	6091
2019-01-19 17:24:01	1	6092
2019-01-19 17:24:01	0	6093
2019-01-19 17:24:01	1	6101
2019-01-19 17:24:01	1	6102
2019-01-19 17:24:01	1	6103
2019-01-19 17:24:01	1	6104
2019-01-19 17:24:01	1	6105
2019-01-19 17:24:01	1	6106
2019-01-19 17:24:01	1	6107
2019-01-19 17:24:01	1	6108
2019-01-19 17:24:01	1	6109
2019-01-19 17:24:01	1	6110
2019-01-19 17:24:01	1	6111
2019-01-19 17:24:01	1	6112
2019-01-19 17:24:01	1	6113
2019-01-19 17:24:01	1	6114
2019-01-19 17:24:01	1	6115
2019-01-19 17:24:01	1	6116
2019-01-19 17:24:01	1	6117
2019-01-19 17:24:01	1	6118
2019-01-19 17:24:01	1	6119
2019-01-19 17:24:01	1	6120
2019-01-19 17:24:01	1	6121
2019-01-19 17:24:01	1	6122
2019-01-19 17:24:01	1	6123
2019-01-19 17:24:01	1	6124
2019-01-19 17:24:01	1	6125
2019-01-19 17:24:01	1	6126
2019-01-19 17:24:01	1	6127
2019-01-19 17:24:01	1	6129
2019-01-19 17:24:01	0	6130
2019-01-19 17:24:01	1	6132
2019-01-19 17:24:01	1	6133
2019-01-19 17:24:01	1	6135
2019-01-19 17:24:01	1	6136
2019-01-19 17:24:01	1	6137
2019-01-19 17:24:01	1	6138
2019-01-19 17:24:01	1	6139
2019-01-19 17:24:01	1	6140
2019-01-19 17:24:01	1	6141
2019-01-19 17:24:01	1	6142
2019-01-19 17:24:01	0	6143
2019-01-19 17:24:01	0	6145
2019-01-19 17:24:01	1	6146
2019-01-19 17:24:01	1	6147
2019-01-19 17:24:01	1	6148
2019-01-19 17:24:01	0	6149
2019-01-19 17:24:01	1	6150
2019-01-19 17:24:01	1	6151
2019-01-19 17:24:01	0	6152
2019-01-19 17:24:01	1	6153
2019-01-19 17:24:01	0	6154
2019-01-19 17:24:01	1	6155
2019-01-19 17:24:01	0	6169
2019-01-19 17:24:01	0	6170
2019-01-19 17:24:01	1	6171
2019-01-19 17:24:01	1	6172
2019-01-19 17:24:01	0	6173
2019-01-19 17:24:01	0	6174
2019-01-19 17:24:01	0	6175
2019-01-19 17:24:01	0	6176
2019-01-19 17:24:01	0	6177
2019-01-19 17:24:01	0	6178
2019-01-19 17:24:01	0	6179
2019-01-19 17:24:01	0	6180
2019-01-19 17:24:01	0	6181
2019-01-19 17:24:01	1	6182
2019-01-19 17:24:01	1	6183
2019-01-19 17:24:01	0	6184
2019-01-19 17:24:01	0	6185
2019-01-19 17:24:01	1	6186
2019-01-19 17:24:01	1	6188
2019-01-19 17:24:01	0	6189
2019-01-19 17:24:01	1	6190
2019-01-19 17:24:01	1	6191
2019-01-19 17:24:01	1	6192
2019-01-19 17:24:01	0	6193
2019-01-19 17:24:01	1	6194
2019-01-19 17:24:01	1	6195
2019-01-19 17:24:01	0	6196
2019-01-19 17:24:01	0	6197
2019-01-19 17:24:01	0	6198
2019-01-19 17:24:01	1	6199
2019-01-19 17:24:01	1	6200
2019-01-19 17:24:01	0	6201
2019-01-19 17:24:01	1	6202
2019-01-19 17:24:01	1	6203
2019-01-19 17:24:01	1	6204
2019-01-19 17:24:01	1	6205
2019-01-19 17:24:01	1	6206
2019-01-19 17:24:01	1	6207
2019-01-19 17:24:01	1	6208
2019-01-19 17:24:01	1	6209
2019-01-19 17:24:01	0	6210
2019-01-19 17:24:01	0	6211
2019-01-19 17:24:01	0	6212
2019-01-19 17:24:01	1	6213
2019-01-19 17:24:01	1	6214
2019-01-19 17:24:01	0	6215
2019-01-19 17:24:01	1	6216
2019-01-19 17:24:01	1	6217
2019-01-19 17:24:01	0	6218
2019-01-19 17:24:01	1	6219
2019-01-19 17:24:01	0	6220
2019-01-19 17:24:01	1	6221
2019-01-19 17:24:01	0	6222
2019-01-19 17:24:01	0	6223
2019-01-19 17:24:01	0	6224
2019-01-19 17:24:01	1	6225
2019-01-19 17:24:01	0	6226
2019-01-19 17:24:01	0	6227
2019-01-19 17:24:01	0	6228
2019-01-19 17:24:01	1	6229
2019-01-19 17:24:01	1	6230
2019-01-19 17:24:01	0	6231
2019-01-19 17:24:01	1	6232
2019-01-19 17:24:01	1	6233
2019-01-19 17:24:01	1	6234
2019-01-19 17:24:01	0	6235
2019-01-19 17:24:01	1	6236
2019-01-19 17:24:01	0	6237
2019-01-19 17:24:01	0	6238
2019-01-19 17:24:01	1	6239
2019-01-19 17:24:01	1	6240
2019-01-19 17:24:01	1	6241
2019-01-19 17:24:01	1	6242
2019-01-19 17:24:01	0	6244
2019-01-19 17:24:01	0	6246
2019-01-19 17:24:01	0	6247
2019-01-19 17:24:01	0	6248
2019-01-19 17:24:01	1	6249
2019-01-19 17:24:01	1	6250
2019-01-19 17:24:01	1	6251
2019-01-19 17:24:01	0	6252
2019-01-19 17:24:01	0	6253
2019-01-19 17:24:01	0	6254
2019-01-19 17:24:01	0	6255
2019-01-19 17:24:01	1	6256
2019-01-19 17:24:01	0	6257
2019-01-19 17:24:01	1	6258
2019-01-19 17:24:01	1	6259
2019-01-19 17:24:01	0	6260
2019-01-19 17:24:01	1	6261
2019-01-19 17:24:01	1	6262
2019-01-19 17:24:01	0	6263
2019-01-19 17:24:01	1	6264
2019-01-19 17:24:01	0	6265
2019-01-19 17:24:01	0	6266
2019-01-19 17:24:01	1	6267
2019-01-19 17:24:01	0	6268
2019-01-19 17:24:01	1	6269
2019-01-19 17:24:01	0	6270
2019-01-19 17:24:01	1	6271
2019-01-19 17:24:01	1	6272
2019-01-19 17:24:01	0	6273
2019-01-19 17:24:01	0	6274
2019-01-19 17:24:01	0	6275
2019-01-19 17:24:01	0	6277
2019-01-19 17:24:01	0	6278
2019-01-19 17:24:01	0	6279
2019-01-19 17:24:01	0	6280
2019-01-19 17:24:01	0	6281
2019-01-19 17:24:01	1	6282
2019-01-19 17:24:01	0	6283
2019-01-19 17:24:01	0	6284
2019-01-19 17:24:01	1	6285
2019-01-19 17:24:01	0	6286
2019-01-19 17:24:01	1	6287
2019-01-19 17:24:01	1	6288
2019-01-19 17:24:01	1	6289
2019-01-19 17:24:01	1	6290
2019-01-19 17:24:01	1	6292
2019-01-19 17:24:01	1	6293
2019-01-19 17:24:01	1	6294
2019-01-19 17:24:01	1	6295
2019-01-19 17:24:01	1	6296
2019-01-19 17:24:01	1	6297
2019-01-19 17:24:01	1	6298
2019-01-19 17:24:01	0	6302
2019-01-19 17:24:01	0	6303
2019-01-19 17:24:01	0	6304
2019-01-19 17:24:01	0	6305
2019-01-19 17:24:01	0	6306
2019-01-19 17:24:01	1	6307
2019-01-19 17:24:01	0	6308
2019-01-19 17:24:01	1	6309
2019-01-19 17:24:01	0	6310
2019-01-19 17:24:01	0	6312
2019-01-19 17:24:01	1	6320
2019-01-19 17:24:01	0	6321
2019-01-19 17:24:01	1	6322
2019-01-19 17:24:01	0	6323
2019-01-19 17:24:01	1	6324
2019-01-19 17:24:01	1	6325
2019-01-19 17:24:01	0	6326
2019-01-19 17:24:01	1	6327
2019-01-19 17:24:01	1	6328
2019-01-19 17:24:01	0	6329
2019-01-19 17:24:01	0	6330
2019-01-19 17:24:01	0	6332
2019-01-19 17:24:01	0	6333
2019-01-19 17:24:01	1	6334
2019-01-19 17:24:01	1	6335
2019-01-19 17:24:01	0	6350
2019-01-19 17:24:01	1	6351
2019-01-19 17:24:01	0	6352
2019-01-19 17:24:01	0	6358
2019-01-19 17:24:01	0	6359
2019-01-19 17:24:01	0	6360
2019-01-19 17:24:01	0	6361
2019-01-19 17:24:01	1	6362
2019-01-19 17:24:01	1	6372
2019-01-19 17:24:01	1	6373
2019-01-19 17:24:01	1	6374
2019-01-19 17:24:01	0	6375
2019-01-19 17:24:01	1	6376
2019-01-19 17:24:01	0	6377
2019-01-19 17:24:01	1	6380
2019-01-19 17:24:01	0	6381
2019-01-19 17:24:01	0	6382
2019-01-19 17:24:01	0	6383
2019-01-19 17:24:01	1	6384
2019-01-19 17:24:01	0	6385
2019-01-19 17:24:01	0	6386
2019-01-19 17:24:01	0	6387
2019-01-19 17:24:01	0	6388
2019-01-19 17:24:01	0	6389
2019-01-19 17:24:01	0	6390
2019-01-19 17:24:01	0	6391
2019-01-19 17:24:01	0	6393
2019-01-19 17:24:01	0	6394
2019-01-19 17:24:01	1	6395
2019-01-19 17:24:01	0	6396
2019-01-19 17:24:01	0	6398
2019-01-19 17:24:01	0	6399
2019-01-19 17:24:01	0	6400
2019-01-19 17:24:01	0	6401
2019-01-19 17:24:01	1	6403
2019-01-19 17:24:01	1	6404
2019-01-19 17:24:01	0	6405
2019-01-19 17:24:01	0	6406
2019-01-19 17:24:01	0	6408
2019-01-19 17:24:01	1	6409
2019-01-19 17:24:01	0	6410
2019-01-19 17:24:01	1	6411
2019-01-19 17:24:01	1	6412
2019-01-19 17:24:01	0	6413
2019-01-19 17:24:01	1	6414
2019-01-19 17:24:01	0	6415
2019-01-19 17:24:01	0	6416
2019-01-19 17:24:01	0	6417
2019-01-19 17:24:01	0	6418
2019-01-19 17:24:01	0	6419
2019-01-19 17:24:01	0	6420
2019-01-19 17:24:01	0	6421
2019-01-19 17:24:01	0	6422
2019-01-19 17:24:01	0	6423
2019-01-19 17:24:01	0	6425
2019-01-19 17:24:01	1	6426
2019-01-19 17:24:01	1	6427
2019-01-19 17:24:01	0	6428
2019-01-19 17:24:01	1	6429
2019-01-19 17:24:01	0	6430
2019-01-19 17:24:01	0	6431
2019-01-19 17:24:01	0	6432
2019-01-19 17:24:01	0	6433
2019-01-19 17:24:01	1	6434
2019-01-19 17:24:01	1	6435
2019-01-19 17:24:01	1	6436
2019-01-19 17:24:01	1	6437
2019-01-19 17:24:01	1	6438
2019-01-19 17:24:01	0	6439
2019-01-19 17:24:01	1	6442
2019-01-19 17:24:01	1	6443
2019-01-19 17:24:01	1	6445
2019-01-19 17:24:01	1	6453
2019-01-19 17:24:01	1	6454
2019-01-19 17:24:01	0	6455
2019-01-19 17:24:01	1	6456
2019-01-19 17:24:01	0	6465
2019-01-19 17:24:01	0	6466
2019-01-19 17:24:01	1	6467
2019-01-19 17:24:01	1	6468
2019-01-19 17:24:01	1	6469
2019-01-19 17:24:01	1	6470
2019-01-19 17:24:01	1	6471
2019-01-19 17:24:01	1	6472
2019-01-19 17:24:01	1	6474
2019-01-19 17:24:01	1	6482
2019-01-19 17:24:01	0	6483
2019-01-19 17:24:01	1	6484
2019-01-19 17:24:01	1	6485
2019-01-19 17:24:01	1	6486
2019-01-19 17:24:01	1	6487
2019-01-19 17:24:01	1	6488
2019-01-19 17:24:01	1	6489
2019-01-19 17:24:01	1	6490
2019-01-19 17:24:01	1	6491
2019-01-19 17:24:01	1	6492
2019-01-19 17:24:01	1	6493
2019-01-19 17:24:01	0	6495
2019-01-19 17:24:01	0	6496
2019-01-19 17:24:01	1	6517
2019-01-19 17:24:01	0	6518
2019-01-19 17:24:01	1	6519
2019-01-19 17:24:01	1	6520
2019-01-19 17:24:01	0	6521
2019-01-19 17:24:01	0	6522
2019-01-19 17:24:01	1	6523
2019-01-19 17:24:01	0	6524
2019-01-19 17:24:01	0	6525
2019-01-19 17:24:01	1	6533
2019-01-19 17:24:01	1	6534
2019-01-19 17:24:01	1	6535
2019-01-19 17:24:01	1	6536
2019-01-19 17:24:01	1	6538
2019-01-19 17:24:01	1	6541
2019-01-19 17:24:01	0	6542
2019-01-19 17:24:01	1	6543
2019-01-19 17:24:01	1	6544
2019-01-19 17:24:01	1	6545
2019-01-19 17:24:01	1	6554
2019-01-19 17:24:01	1	6555
2019-01-19 17:24:01	1	6556
2019-01-19 17:24:01	0	6558
2019-01-19 17:24:01	1	6568
2019-01-19 17:24:01	1	6569
2019-01-19 17:24:01	1	6570
2019-01-19 17:24:01	1	6571
2019-01-19 17:24:01	1	6573
2019-01-19 17:24:01	0	6578
2019-01-19 17:24:01	1	6580
2019-01-19 17:24:01	0	6581
2019-01-19 17:24:01	1	6582
2019-01-19 17:24:01	1	6583
2019-01-19 17:24:01	1	6584
2019-01-19 17:24:01	1	6585
2019-01-19 17:24:01	1	6586
2019-01-19 17:24:01	1	6587
2019-01-19 17:24:01	1	6588
2019-01-19 17:24:01	1	6589
2019-01-19 17:24:01	0	6590
2019-01-19 17:24:01	0	6591
2019-01-19 17:24:01	1	6603
2019-01-19 17:24:01	0	6612
2019-01-19 17:24:01	0	6613
2019-01-19 17:24:01	1	6614
2019-01-19 17:24:01	1	6615
2019-01-19 17:24:01	0	6616
2019-01-19 17:24:01	1	6617
2019-01-19 17:24:01	1	6618
2019-01-19 17:24:01	0	6619
2019-01-19 17:24:01	0	6620
2019-01-19 17:24:01	1	6621
2019-01-19 17:24:01	1	6622
2019-01-19 17:24:01	1	6623
2019-01-19 17:24:01	0	6625
2019-01-19 17:24:01	0	6626
2019-01-19 17:24:01	0	6627
2019-01-19 17:24:01	0	6629
2019-01-19 17:24:01	0	6630
2019-01-19 17:24:01	0	6631
2019-01-19 17:24:01	0	6632
2019-01-19 17:24:01	1	6633
2019-01-19 17:24:01	1	6634
2019-01-19 17:24:01	1	6635
2019-01-19 17:24:01	0	6638
2019-01-19 17:24:01	1	6639
2019-01-19 17:24:01	0	6640
2019-01-19 17:24:01	0	6641
2019-01-19 17:24:01	1	6642
2019-01-19 17:24:01	0	6643
2019-01-19 17:24:01	0	6644
2019-01-19 17:24:01	1	6645
2019-01-19 17:24:01	0	6646
2019-01-19 17:24:01	0	6647
2019-01-19 17:24:01	0	6648
2019-01-19 17:24:01	0	6649
2019-01-19 17:24:01	0	6652
2019-01-19 17:24:01	0	6655
2019-01-19 17:24:01	1	6656
2019-01-19 17:24:01	0	6657
2019-01-19 17:24:01	1	6659
2019-01-19 17:24:01	0	6660
2019-01-19 17:24:01	0	6661
2019-01-19 17:24:01	1	6662
2019-01-19 17:24:01	1	6664
2019-01-19 17:24:01	1	6665
2019-01-19 17:24:01	1	6666
2019-01-19 17:24:01	1	6667
2019-01-19 17:24:01	1	6668
2019-01-19 17:24:01	1	6669
2019-01-19 17:24:01	1	6675
2019-01-19 17:24:01	1	6676
2019-01-19 17:24:01	0	6677
2019-01-19 17:24:01	1	6678
2019-01-19 17:24:01	1	6679
2019-01-19 17:24:01	1	6680
2019-01-19 17:24:01	0	6695
2019-01-19 17:24:01	0	6699
2019-01-19 17:24:01	0	6700
2019-01-19 17:24:01	0	6701
2019-01-19 17:24:01	0	6702
2019-01-19 17:24:01	1	6703
2019-01-19 17:24:01	0	6706
2019-01-19 17:24:01	1	6707
2019-01-19 17:24:01	1	6708
2019-01-19 17:24:01	1	6709
2019-01-19 17:24:01	0	6710
2019-01-19 17:24:01	0	6718
2019-01-19 17:24:01	1	6719
2019-01-19 17:24:01	0	6720
2019-01-19 17:24:01	0	6722
2019-01-19 17:24:01	0	6723
2019-01-19 17:24:01	1	6724
2019-01-19 17:24:01	1	6744
2019-01-19 17:24:01	1	6745
2019-01-19 17:24:01	0	6746
2019-01-19 17:24:01	1	6747
2019-01-19 17:24:01	0	6748
2019-01-19 17:24:01	1	6749
2019-01-19 17:24:01	0	6750
2019-01-19 17:24:01	0	6751
2019-01-19 17:24:01	0	6753
2019-01-19 17:24:01	0	6754
2019-01-19 17:24:01	0	6755
2019-01-19 17:24:01	0	6756
2019-01-19 17:24:01	0	6757
2019-01-19 17:24:01	0	6758
2019-01-19 17:24:01	0	6759
2019-01-19 17:24:01	0	6760
2019-01-19 17:24:01	0	6761
2019-01-19 17:24:01	1	6820
2019-01-19 17:24:01	1	6821
2019-01-19 17:24:01	1	6823
2019-01-19 17:24:01	1	6824
2019-01-19 17:24:01	1	6825
2019-01-19 17:24:01	1	6826
2019-01-19 17:24:01	1	6828
2019-01-19 17:24:01	1	6829
2019-01-19 17:24:01	1	6830
2019-01-19 17:24:01	0	6831
2019-01-19 17:24:01	1	6832
2019-01-19 17:24:01	0	6833
2019-01-19 17:24:01	1	6834
2019-01-19 17:24:01	1	6835
2019-01-19 17:24:01	1	6836
2019-01-19 17:24:01	1	6837
2019-01-19 17:24:01	1	6838
2019-01-19 17:24:01	0	6839
2019-01-19 17:24:01	0	6840
2019-01-19 17:24:01	1	6841
2019-01-19 17:24:01	1	6842
2019-01-19 17:24:01	1	6844
2019-01-19 17:24:01	0	6845
2019-01-19 17:24:01	0	6846
2019-01-19 17:24:01	0	6847
2019-01-19 17:24:01	0	6849
2019-01-19 17:24:01	0	6850
2019-01-19 17:24:01	0	6854
2019-01-19 17:24:01	1	6855
2019-01-19 17:24:01	0	6856
2019-01-19 17:24:01	1	6859
2019-01-19 17:24:01	1	6860
2019-01-19 17:24:01	0	6861
2019-01-19 17:24:01	1	6862
2019-01-19 17:24:01	0	6863
2019-01-19 17:24:01	1	6864
2019-01-19 17:24:01	1	6865
2019-01-19 17:24:01	0	6866
2019-01-19 17:24:01	1	6867
2019-01-19 17:24:01	1	6868
2019-01-19 17:24:01	0	6869
2019-01-19 17:24:01	0	6870
2019-01-19 17:24:01	0	6871
2019-01-19 17:24:01	1	6872
2019-01-19 17:24:01	0	6873
2019-01-19 17:24:01	1	6874
2019-01-19 17:24:01	0	6875
2019-01-19 17:24:01	0	6876
2019-01-19 17:24:01	0	6877
2019-01-19 17:24:01	0	6878
2019-01-19 17:24:01	1	6879
2019-01-19 17:24:01	1	6882
2019-01-19 17:24:01	1	6883
2019-01-19 17:24:01	1	6884
2019-01-19 17:24:01	0	6885
2019-01-19 17:24:01	0	6886
2019-01-19 17:24:01	0	6887
2019-01-19 17:24:01	0	6888
2019-01-19 17:24:01	0	6889
2019-01-19 17:24:01	0	6890
2019-01-19 17:24:01	1	6892
2019-01-19 17:24:01	1	6893
2019-01-19 17:24:01	0	6894
2019-01-19 17:24:01	0	6895
2019-01-19 17:24:01	0	6896
2019-01-19 17:24:01	0	6897
2019-01-19 17:24:01	0	6898
2019-01-19 17:24:01	0	6899
2019-01-19 17:24:01	0	6900
2019-01-19 17:24:01	0	6901
2019-01-19 17:24:01	0	6902
2019-01-19 17:24:01	0	6903
2019-01-19 17:24:01	0	6904
2019-01-19 17:24:01	0	6905
2019-01-19 17:24:01	0	6906
2019-01-19 17:24:01	0	6907
2019-01-19 17:24:01	1	6908
2019-01-19 17:24:01	1	6909
2019-01-19 17:24:01	1	6910
2019-01-19 17:24:01	0	6919
2019-01-19 17:24:01	1	6920
2019-01-19 17:24:01	1	6921
2019-01-19 17:24:01	0	6922
2019-01-19 17:24:01	1	6923
2019-01-19 17:24:01	1	7049
2019-01-19 17:24:01	0	7052
2019-01-19 17:24:01	0	7053
2019-01-19 17:24:01	0	7057
2019-01-19 17:24:01	0	7059
2019-01-19 17:24:01	0	7060
2019-01-19 17:24:01	1	7062
2019-01-19 17:24:01	1	7862
2019-01-19 17:24:01	0	7863
2019-01-19 17:24:01	0	7864
2019-01-19 17:24:01	0	7865
2019-01-19 17:24:01	0	7867
